1766479753.408368928 0 0 1.5 0 0 1.90418
1766479753.412862542 0 0 1.5 0 0 1.89863
1766479753.422383573 0 0 1.5 0 0 1.89148
1766479753.430991996 0 0 1.5 0 0 1.88559
1766479753.446387242 0 0 1.5 0 0 1.87956
1766479753.451108573 0 0 1.5 0 0 1.86869
1766479753.460272619 0 0 1.5 0 0 1.86231
1766479753.471696362 0 0 1.5 0 0 1.85421
1766479753.483520214 0 0 1.5 0 0 1.84598
1766479753.491857273 0 0 1.5 0 0 1.83598
1766479753.500000116 0 0 1.5 0 0 1.82924
1766479753.510755458 0 0 1.5 0 0 1.82078
1766479753.520050547 0 0 1.5 0 0 1.81398
1766479753.531835302 0 0 1.5 0 0 1.80718
1766479753.543357037 0 0 1.5 0 0 1.80037
1766479753.553717153 0 0 1.5 0 0 1.79527
1766479753.560775639 0 0 1.5 0 0 1.79187
1766479753.570100263 0 0 1.5 0 0 1.7834
1766479753.580141596 0 0 1.5 0 0 1.77665
1766479753.590539410 0 0 1.5 0 0 1.76659
1766479753.616480962 0 0 1.5 0 0 1.76326
1766479753.617841958 0 0 1.5 0 0 1.7616
1766479753.619291449 0 0 1.5 0 0 1.75993
1766479753.631809609 0 0 1.5 0 0 1.75332
1766479753.640685297 0 0 1.5 0 0 1.75003
1766479753.656641843 0 0 1.5 0 0 1.74511
1766479753.663644156 0 0 1.5 0 0 1.74023
1766479753.672096976 0 0 1.5 0 0 1.73537
1766479753.680205969 0 0 1.5 0 0 1.73054
1766479753.696519448 0 0 1.5 0 0 1.72575
1766479753.702810542 0 0 1.5 0 0 1.72257
1766479753.711311320 0 0 1.5 0 0 1.7194
1766479753.721997542 0 0 1.5 0 0 1.71467
1766479753.740573347 0 0 1.5 0 0 1.71154
1766479753.743433093 0 0 1.5 0 0 1.70998
1766479753.753755511 0 0 1.5 0 0 1.70531
1766479753.765088984 0 0 1.5 0 0 1.70222
1766479753.770455295 0 0 1.5 0 0 1.69303
1766479753.785987099 0 0 1.5 0 0 1.69
1766479753.792528524 0 0 1.5 0 0 1.68849
1766479753.801640981 0 0 1.5 0 0 1.68397
1766479753.811737840 0 0 1.5 0 0 1.67949
1766479753.823400105 0 0 1.5 0 0 1.67356
1766479753.829873437 0 0 1.5 0 0 1.66915
1766479753.841142917 0 0 1.5 0 0 1.66187
1766479753.852240510 0 0 1.5 0 0 1.65467
1766479753.861512142 0 0 1.5 0 0 1.6504
1766479753.871520286 0 0 1.5 0 0 1.64194
1766479753.882684258 0 0 1.5 0 0 1.63499
1766479753.891149301 0 0 1.5 0 0 1.6295
1766479753.900203904 0 0 1.5 0 0 1.6227
1766479753.911298362 0 0 1.5 0 0 1.61466
1766479753.920314161 0 0 1.5 0 0 1.60937
1766479753.930663380 0 0 1.5 0 0 1.60153
1766479753.941128019 0 0 1.5 0 0 1.59509
1766479753.951533062 0 0 1.5 0 0 1.58747
1766479753.969326694 0 0 1.5 0 0 1.58246
1766479753.973431763 0 0 1.5 0 0 1.57627
1766479753.982020491 0 0 1.5 0 0 1.5726
1766479753.992667411 0 0 1.5 0 0 1.56654
1766479754.002932196 0 0 1.5 0 0 1.56175
1766479754.009778363 0 0 1.5 0 0 1.55938
1766479754.021664077 0 0 1.5 0 0 1.55233
1766479754.030654443 0 0 1.5 0 0 1.5477
1766479754.039769538 0 0 1.5 0 0 1.54198
1766479754.060532126 0 0 1.5 0 0 1.53635
1766479754.072727718 0 0 1.5 0 0 1.53523
1766479754.079162462 0 0 1.5 0 0 1.533
1766479754.089366090 0 0 1.5 0 0 1.53189
1766479754.092972893 0 0 1.5 0 0 1.52859
1766479754.106035852 0 0 1.5 0 0 1.5264
1766479754.112166581 0 0 1.5 0 0 1.52098
1766479754.124218075 0 0 1.5 0 0 1.5167
1766479754.133214839 0 0 1.5 0 0 1.51353
1766479754.143755984 0 0 1.5 0 0 1.50934
1766479754.160566083 0 0 1.5 0 0 1.50726
1766479754.161133006 0 0 1.5 0 0 1.50726
1766479754.161364087 0 0 1.5 0 0 1.50726
1766479754.169863471 0 0 1.5 0 0 1.50213
1766479754.179912132 0 0 1.5 0 0 1.49706
1766479754.190615417 0 0 1.5 0 0 1.49706
1766479754.200148970 0 0 1.5 0 0 1.48814
1766479754.200632280 0 0 1.5 0 0 1.48814
1766479754.216100669 0 0 1.5 0 0 1.4833
1766479754.221135366 0 0 1.5 0 0 1.47947
1766479754.231555037 0 0 1.5 0 0 1.47475
1766479754.240471772 0 0 1.5 0 0 1.46919
1766479754.255505753 0 0 1.5 0 0 1.46554
1766479754.260285861 0 0 1.5 0 0 1.46016
1766479754.270323352 0 0 1.5 0 0 1.46016
1766479754.280572117 0 0 1.5 0 0 1.4497
1766479754.280959015 0 0 1.5 0 0 1.4497
1766479754.291114578 0 0 1.5 0 0 1.44462
1766479754.303472462 0 0 1.5 0 0 1.43965
1766479754.310632405 0 0 1.5 0 0 1.43477
1766479754.321145815 0 0 1.5 0 0 1.43
1766479754.330110708 0 0 1.5 0 0 1.4261
1766479754.341312065 0 0 1.5 0 0 1.42151
1766479754.350059768 0 0 1.5 0 0 1.42075
1766479754.362257535 0 0 1.5 0 0 1.41701
1766479754.372179528 0 0 1.5 0 0 1.41701
1766479754.381391194 0 0 1.5 0 0 1.40902
1766479754.383005450 0 0 1.5 0 0 1.40902
1766479754.392118137 0 0 1.5 0 0 1.40902
1766479754.403109449 0 0 1.5 0 0 1.4055
1766479754.411357802 0 0 1.5 0 0 1.40204
1766479754.421118047 0 0 1.5 0 0 1.39932
1766479754.432751815 0 0 1.5 0 0 1.39532
1766479754.440452591 0 0 1.5 0 0 1.39012
1766479754.451423025 0 0 1.5 0 0 1.38696
1766479754.460555974 0 0 1.5 0 0 1.38264
1766479754.471677673 0 0 1.5 0 0 1.37962
1766479754.481124700 0 0 1.5 0 0 1.37667
1766479754.490230683 0 0 1.5 0 0 1.37378
1766479754.502110047 0 0 1.5 0 0 1.37095
1766479754.514770224 0 0 1.5 0 0 1.36764
1766479754.521450911 0 0 1.5 0 0 1.36494
1766479754.530974789 0 0 1.5 0 0 1.36335
1766479754.540343063 0 0 1.5 0 0 1.36127
1766479754.556037145 0 0 1.5 0 0 1.35871
1766479754.560417691 0 0 1.5 0 0 1.35622
1766479754.573799966 0 0 1.5 0 0 1.35523
1766479754.581176857 0 0 1.5 0 0 1.35282
1766479754.592272152 0 0 1.5 0 0 1.35046
1766479754.600390224 0 0 1.5 0 0 1.34815
1766479754.610126419 0 0 1.5 0 0 1.34635
1766479754.622097970 0 0 1.5 0 0 1.34415
1766479754.631164191 0 0 1.5 0 0 1.33949
1766479754.633184732 0 0 1.5 0 0 1.33949
1766479754.641566689 0 0 1.5 0 0 1.33949
1766479754.652712009 0 0 1.5 0 0 1.33827
1766479754.662836169 0 0 1.5 0 0 1.33588
1766479754.671357515 0 0 1.5 0 0 1.33432
1766479754.680705420 0 0 1.5 0 0 1.33318
1766479754.691482858 0 0 1.5 0 0 1.33132
1766479754.700850633 0 0 1.5 0 0 1.3288
1766479754.714012967 0 0 1.5 0 0 1.32672
1766479754.720188304 0 0 1.5 0 0 1.32472
1766479754.737292331 0 0 1.5 0 0 1.32374
1766479754.741563452 0 0 1.5 0 0 1.32215
1766479754.749765349 0 0 1.5 0 0 1.32061
1766479754.760579170 0 0 1.5 0 0 1.31912
1766479754.770424186 0 0 1.5 0 0 1.31768
1766479754.780480600 0 0 1.5 0 0 1.31601
1766479754.791199458 0 0 1.5 0 0 1.31441
1766479754.800938733 0 0 1.5 0 0 1.31165
1766479754.802291492 0 0 1.5 0 0 1.31165
1766479754.822208638 0 0 1.5 0 0 1.31047
1766479754.825523859 0 0 1.5 0 0 1.31047
1766479754.829930505 0 0 1.5 0 0 1.31024
1766479754.840599072 0 0 1.5 0 0 1.30955
1766479754.850365181 0 0 1.5 0 0 1.30823
1766479754.860536336 0 0 1.5 0 0 1.30678
1766479754.870627489 0 0 1.5 0 0 1.30559
1766479754.885216242 0 0 1.5 0 0 1.30341
1766479754.885521094 0 0 1.5 0 0 1.30341
1766479754.891700231 0 0 1.5 0 0 1.30341
1766479754.901523880 0 0 1.5 0 0 1.30257
1766479754.910206557 0 0 1.5 0 0 1.30161
1766479754.920480127 0 0 1.5 0 0 1.30101
1766479754.930492321 0 0 1.5 0 0 1.30029
1766479754.941051699 0 0 1.5 0 0 1.29948
1766479754.950342682 0 0 1.5 0 0 1.29861
1766479754.961126981 0 0 1.5 0 0 1.29728
1766479754.962893047 0 0 1.5 0 0 1.29728
1766479754.970450182 0 0 1.5 0 0 1.29728
1766479754.981528934 0 0 1.5 0 0 1.2967
1766479754.992779620 0 0 1.5 0 0 1.296
1766479754.998429595 0 0 1.5 0 0 1.296
1766479755.008889796 0 0 1.5 0 0 1.29569
1766479755.013262087 0 0 1.5 0 0 1.29569
1766479755.024253715 0 0 1.5 0 0 1.29539
1766479755.030988187 0 0 1.5 0 0 1.29506
1766479755.041902591 0 0 1.5 0 0 1.29482
1766479755.049949138 0 0 1.5 0 0 1.2946
1766479755.061099921 0 0 1.5 0 0 1.29435
1766479755.074001364 0 0 1.5 0 0 1.2939
1766479755.074320993 0 0 1.5 0 0 1.2939
1766479755.080173751 0 0 1.5 0 0 1.29381
1766479755.091699904 0 0 1.5 0 0 1.29366
1766479755.107719480 0 0 1.5 0 0 1.2936
1766479755.110268983 0 0 1.5 0 0 1.29358
1766479755.120994978 0 0 1.5 0 0 1.29355
1766479755.130450503 0 0 1.5 0 0 1.29353
1766479755.141664330 0 0 1.5 0 0 1.29357
1766479755.152836333 0 0 1.5 0 0 1.29365
1766479755.162375383 0 0 1.5 0 0 1.29377
1766479755.172274108 0 0 1.5 0 0 1.29388
1766479755.180567285 0 0 1.5 0 0 1.29396
1766479755.199462275 0 0 1.5 0 0 1.2941
1766479755.209030178 0 0 1.5 0 0 1.29441
1766479755.210200432 0 0 1.5 0 0 1.29464
1766479755.222410764 0 0 1.5 0 0 1.2949
1766479755.230531877 0 0 1.5 0 0 1.2953
1766479755.241321216 0 0 1.5 0 0 1.29555
1766479755.253587168 0 0 1.5 0 0 1.29595
1766479755.260723192 0 0 1.5 0 0 1.29647
1766479755.270865284 0 0 1.5 0 0 1.29695
1766479755.281829156 0 0 1.5 0 0 1.29737
1766479755.308557189 0 0 1.5 0 0 1.29763
1766479755.309090299 0 0 1.5 0 0 1.29791
1766479755.312059541 0 0 1.5 0 0 1.29838
1766479755.324368060 0 0 1.5 0 0 1.29887
1766479755.329802067 0 0 1.5 0 0 1.29928
1766479755.342499797 0 0 1.5 0 0 1.29991
1766479755.351474066 0 0 1.5 0 0 1.30035
1766479755.361154979 0 0 1.5 0 0 1.30081
1766479755.370726891 0 0 1.5 0 0 1.30139
1766479755.381650725 0 0 1.5 0 0 1.30212
1766479755.391032731 0 0 1.5 0 0 1.30261
1766479755.400868473 0 0 1.5 0 0 1.30338
1766479755.410694906 0 0 1.5 0 0 1.30418
1766479755.421185113 0 0 1.5 0 0 1.30418
1766479755.431833972 0 0 1.5 0 0 1.30584
1766479755.432116319 0 0 1.5 0 0 1.30584
1766479755.440916689 0 0 1.5 0 0 1.30656
1766479755.453173599 0 0 1.5 0 0 1.30744
1766479755.465183090 0 0 1.5 0 0 1.30804
1766479755.470850722 0 0 1.5 0 0 1.30881
1766479755.480841195 0 0 1.5 0 0 1.30881
1766479755.496107008 0 0 1.5 0 0 1.30959
1766479755.501118241 0 0 1.5 0 0 1.31136
1766479755.501419947 0 0 1.5 0 0 1.31136
1766479755.510581015 0 0 1.5 0 0 1.31235
1766479755.521955144 0 0 1.5 0 0 1.31336
1766479755.531418670 0 0 1.5 0 0 1.31404
1766479755.541354457 0 0 1.5 0 0 1.31543
1766479755.557108932 0 0 1.5 0 0 1.31543
1766479755.561415739 0 0 1.5 0 0 1.31668
1766479755.570954551 0 0 1.5 0 0 1.31758
1766479755.580436060 0 0 1.5 0 0 1.31867
1766479755.589793288 0 0 1.5 0 0 1.31997
1766479755.601061224 0 0 1.5 0 0 1.3211
1766479755.610618164 0 0 1.5 0 0 1.32243
1766479755.620955911 0 0 1.5 0 0 1.32359
1766479755.638668072 0 0 1.5 0 0 1.32615
1766479755.639018712 0 0 1.5 0 0 1.32615
1766479755.640479691 0 0 1.5 0 0 1.32715
1766479755.651647339 0 0 1.5 0 0 1.32835
1766479755.661233476 0 0 1.5 0 0 1.32937
1766479755.671310031 0 0 1.5 0 0 1.33039
1766479755.681922621 0 0 1.5 0 0 1.33142
1766479755.690265146 0 0 1.5 0 0 1.33246
1766479755.700369416 0 0 1.5 0 0 1.3335
1766479755.713232498 0 0 1.5 0 0 1.33476
1766479755.720203712 0 0 1.5 0 0 1.33582
1766479755.730855329 0 0 1.5 0 0 1.33709
1766479755.740438560 0 0 1.5 0 0 1.33837
1766479755.750758299 0 0 1.5 0 0 1.33966
1766479755.761058428 0 0 1.5 0 0 1.34095
1766479755.771111043 0 0 1.5 0 0 1.34225
1766479755.782010661 0 0 1.5 0 0 1.34378
1766479755.791236366 0 0 1.5 0 0 1.34465
1766479755.800137129 0 0 1.5 0 0 1.34575
1766479755.811830490 0 0 1.5 0 0 1.34728
1766479755.821576501 0 0 1.5 0 0 1.34816
1766479755.830184503 0 0 1.5 0 0 1.34949
1766479755.841248021 0 0 1.5 0 0 1.35104
1766479755.852417101 0 0 1.5 0 0 1.35237
1766479755.861486820 0 0 1.5 0 0 1.35348
1766479755.870659248 0 0 1.5 0 0 1.35459
1766479755.883619111 0 0 1.5 0 0 1.35593
1766479755.892499141 0 0 1.5 0 0 1.35726
1766479755.900673735 0 0 1.5 0 0 1.3586
1766479755.910354393 0 0 1.5 0 0 1.35994
1766479755.921973139 0 0 1.5 0 0 1.3615
1766479755.931470765 0 0 1.5 0 0 1.36239
1766479755.941810666 0 0 1.5 0 0 1.36373
1766479755.951800795 0 0 1.5 0 0 1.36529
1766479755.963454043 0 0 1.5 0 0 1.3664
1766479755.971568407 0 0 1.5 0 0 1.36751
1766479755.980510150 0 0 1.5 0 0 1.36862
1766479755.990216985 0 0 1.5 0 0 1.36973
1766479756.001699295 0 0 1.5 0 0 1.37128
1766479756.011304240 0 0 1.5 0 0 1.37283
1766479756.021294467 0 0 1.5 0 0 1.37416
1766479756.030902117 0 0 1.5 0 0 1.37548
1766479756.041046978 0 0 1.5 0 0 1.37679
1766479756.057068671 0 0 1.5 0 0 1.37789
1766479756.060124230 0 0 1.5 0 0 1.37898
1766479756.071226606 0 0 1.5 0 0 1.38072
1766479756.080988441 0 0 1.5 0 0 1.38202
1766479756.090525875 0 0 1.5 0 0 1.38332
1766479756.100323288 0 0 1.5 0 0 1.38461
1766479756.111028020 0 0 1.5 0 0 1.3859
1766479756.120483806 0 0 1.5 0 0 1.38718
1766479756.134279677 0 0 1.5 0 0 1.38867
1766479756.142320935 0 0 1.5 0 0 1.38994
1766479756.150196107 0 0 1.5 0 0 1.391
1766479756.160298182 0 0 1.5 0 0 1.39226
1766479756.173598965 0 0 1.5 0 0 1.39351
1766479756.181884413 0 0 1.5 0 0 1.39497
1766479756.191235576 0 0 1.5 0 0 1.39621
1766479756.201094962 0 0 1.5 0 0 1.39765
1766479756.214513769 0 0 1.5 0 0 1.39888
1766479756.221075511 0 0 1.5 0 0 1.39969
1766479756.230186915 0 0 1.5 0 0 1.4009
1766479756.241863627 0 0 1.5 0 0 1.40211
1766479756.251435660 0 0 1.5 0 0 1.40311
1766479756.261922462 0 0 1.5 0 0 1.40451
1766479756.270890305 0 0 1.5 0 0 1.40569
1766479756.282899822 0 0 1.5 0 0 1.40687
1766479756.290178956 0 0 1.5 0 0 1.40766
1766479756.300606674 0 0 1.5 0 0 1.40902
1766479756.311523213 0 0 1.5 0 0 1.41056
1766479756.320636177 0 0 1.5 0 0 1.41151
1766479756.331173196 0 0 1.5 0 0 1.41265
1766479756.341573298 0 0 1.5 0 0 1.41398
1766479756.351518346 0 0 1.5 0 0 1.41528
1766479756.360449351 0 0 1.5 0 0 1.4164
1766479756.372819328 0 0 1.5 0 0 1.41769
1766479756.383989687 0 0 1.5 0 0 1.4186
1766479756.391670521 0 0 1.5 0 0 1.41969
1766479756.403030304 0 0 1.5 0 0 1.42077
1766479756.410575938 0 0 1.5 0 0 1.42184
1766479756.421096487 0 0 1.5 0 0 1.42273
1766479756.431390720 0 0 1.5 0 0 1.42396
1766479756.440631279 0 0 1.5 0 0 1.42518
1766479756.451532107 0 0 1.5 0 0 1.42639
1766479756.459995909 0 0 1.5 0 0 1.42742
1766479756.470223802 0 0 1.5 0 0 1.42844
1766479756.483008273 0 0 1.5 0 0 1.42978
1766479756.490326922 0 0 1.5 0 0 1.43045
1766479756.501248317 0 0 1.5 0 0 1.4316
1766479756.510088668 0 0 1.5 0 0 1.43242
1766479756.520290455 0 0 1.5 0 0 1.43307
1766479756.530606847 0 0 1.5 0 0 1.4342
1766479756.542319650 0 0 1.5 0 0 1.43532
1766479756.553863546 0 0 1.5 0 0 1.43611
1766479756.560885485 0 0 1.5 0 0 1.43611
1766479756.571427008 0 0 1.5 0 0 1.43721
1766479756.580970203 0 0 1.5 0 0 1.43814
1766479756.590509014 0 0 1.5 0 0 1.43891
1766479756.601046711 0 0 1.5 0 0 1.43967
1766479756.610787864 0 0 1.5 0 0 1.44058
1766479756.620752133 0 0 1.5 0 0 1.44147
1766479756.632481094 0 0 1.5 0 0 1.44222
1766479756.640051850 0 0 1.5 0 0 1.4431
1766479756.650796559 0 0 1.5 0 0 1.44383
1766479756.660671370 0 0 1.5 0 0 1.44484
1766479756.670911252 0 0 1.5 0 0 1.44555
1766479756.680600020 0 0 1.5 0 0 1.4464
1766479756.690214899 0 0 1.5 0 0 1.44724
1766479756.701976794 0 0 1.5 0 0 1.44807
1766479756.715263201 0 0 1.5 0 0 1.44889
1766479756.721865537 0 0 1.5 0 0 1.44943
1766479756.730928454 0 0 1.5 0 0 1.45011
1766479756.741635273 0 0 1.5 0 0 1.45078
1766479756.750706461 0 0 1.5 0 0 1.45157
1766479756.760577490 0 0 1.5 0 0 1.45222
1766479756.770504210 0 0 1.5 0 0 1.453
1766479756.780709841 0 0 1.5 0 0 1.45364
1766479756.790844647 0 0 1.5 0 0 1.45453
1766479756.803584074 0 0 1.5 0 0 1.45516
1766479756.809739423 0 0 1.5 0 0 1.45591
1766479756.825589912 0 0 1.5 0 0 1.45652
1766479756.834075950 0 0 1.5 0 0 1.45713
1766479756.834435791 0 0 1.5 0 0 1.45713
1766479756.841230717 0 0 1.5 0 0 1.45749
1766479756.851342822 0 0 1.5 0 0 1.45833
1766479756.860784687 0 0 1.5 0 0 1.45904
1766479756.870103455 0 0 1.5 0 0 1.45962
1766479756.879793314 0 0 1.5 0 0 1.46043
1766479756.894837619 0 0 1.5 0 0 1.46077
1766479756.900141848 0 0 1.5 0 0 1.46123
1766479756.910233668 0 0 1.5 0 0 1.4619
1766479756.921130117 0 0 1.5 0 0 1.46268
1766479756.930437189 0 0 1.5 0 0 1.46312
1766479756.940425912 0 0 1.5 0 0 1.46377
1766479756.951222482 0 0 1.5 0 0 1.46442
1766479756.960771227 0 0 1.5 0 0 1.46505
1766479756.971109443 0 0 1.5 0 0 1.46558
1766479756.980408987 0 0 1.5 0 0 1.46609
1766479756.990065298 0 0 1.5 0 0 1.46671
1766479757.001351260 0 0 1.5 0 0 1.46742
1766479757.010157726 0 0 1.5 0 0 1.46782
1766479757.020792771 0 0 1.5 0 0 1.46841
1766479757.032183997 0 0 1.5 0 0 1.469
1766479757.041145144 0 0 1.5 0 0 1.46948
1766479757.051634588 0 0 1.5 0 0 1.46986
1766479757.060114722 0 0 1.5 0 0 1.47024
1766479757.071879285 0 0 1.5 0 0 1.4708
1766479757.081750252 0 0 1.5 0 0 1.47117
1766479757.089880787 0 0 1.5 0 0 1.47154
1766479757.100616944 0 0 1.5 0 0 1.472
1766479757.111480131 0 0 1.5 0 0 1.47245
1766479757.123548100 0 0 1.5 0 0 1.47298
1766479757.130963158 0 0 1.5 0 0 1.47342
1766479757.141456404 0 0 1.5 0 0 1.47385
1766479757.152125100 0 0 1.5 0 0 1.4742
1766479757.161480878 0 0 1.5 0 0 1.47471
1766479757.172100301 0 0 1.5 0 0 1.47504
1766479757.180761298 0 0 1.5 0 0 1.47554
1766479757.191684082 0 0 1.5 0 0 1.47603
1766479757.200818779 0 0 1.5 0 0 1.47659
1766479757.210227658 0 0 1.5 0 0 1.47707
1766479757.221091314 0 0 1.5 0 0 1.47754
1766479757.230610997 0 0 1.5 0 0 1.47793
1766479757.240082425 0 0 1.5 0 0 1.47838
1766479757.250431103 0 0 1.5 0 0 1.47883
1766479757.260463001 0 0 1.5 0 0 1.47921
1766479757.271839295 0 0 1.5 0 0 1.47957
1766479757.280826422 0 0 1.5 0 0 1.47986
1766479757.292197875 0 0 1.5 0 0 1.48022
1766479757.300763543 0 0 1.5 0 0 1.48064
1766479757.310947076 0 0 1.5 0 0 1.48106
1766479757.320585304 0 0 1.5 0 0 1.48141
1766479757.330122795 0 0 1.5 0 0 1.48181
1766479757.341757340 0 0 1.5 0 0 1.48221
1766479757.350391171 0 0 1.5 0 0 1.48261
1766479757.359520071 0 0 1.5 0 0 1.48293
1766479757.373255431 0 0 1.5 0 0 1.48332
1766479757.380921424 0 0 1.5 0 0 1.48357
1766479757.391277173 0 0 1.5 0 0 1.48394
1766479757.401633094 0 0 1.5 0 0 1.48425
1766479757.410341712 0 0 1.5 0 0 1.48461
1766479757.421760842 0 0 1.5 0 0 1.48491
1766479757.432281972 0 0 1.5 0 0 1.48515
1766479757.440231104 0 0 1.5 0 0 1.48538
1766479757.450910283 0 0 1.5 0 0 1.48572
1766479757.461033976 0 0 1.5 0 0 1.48601
1766479757.471095694 0 0 1.5 0 0 1.48629
1766479757.480412645 0 0 1.5 0 0 1.48651
1766479757.492690131 0 0 1.5 0 0 1.48684
1766479757.500682433 0 0 1.5 0 0 1.48705
1766479757.509337038 0 0 1.5 0 0 1.48742
1766479757.519938523 0 0 1.5 0 0 1.48794
1766479757.530417511 0 0 1.5 0 0 1.48845
1766479757.539508695 0 0 1.5 0 0 1.48894
1766479757.549794219 0 0 1.5 0 0 1.48941
1766479757.559811925 0 0 1.5 0 0 1.48941
1766479757.569800209 0 0 1.5 0 0 1.49028
1766479757.570273435 0 0 1.5 0 0 1.49028
1766479757.579624089 0 0 1.5 0 0 1.49072
1766479757.589679780 0 0 1.5 0 0 1.4911
1766479757.599630115 0 0 1.5 0 0 1.49156
1766479757.609455757 0 0 1.5 0 0 1.49196
1766479757.620213330 0 0 1.5 0 0 1.49235
1766479757.630149640 0 0 1.5 0 0 1.49272
1766479757.639593346 0 0 1.5 0 0 1.49309
1766479757.651125462 0 0 1.5 0 0 1.49344
1766479757.659669226 0 0 1.5 0 0 1.49379
1766479757.669688162 0 0 1.5 0 0 1.49412
1766479757.679458206 0 0 1.5 0 0 1.49444
1766479757.689540199 0 0 1.5 0 0 1.49475
1766479757.701190881 0 0 1.5 0 0 1.49508
1766479757.709950278 0 0 1.5 0 0 1.49535
1766479757.719759813 0 0 1.5 0 0 1.49563
1766479757.729444919 0 0 1.5 0 0 1.4959
1766479757.739681748 0 0 1.5 0 0 1.49616
1766479757.749376877 0 0 1.5 0 0 1.49642
1766479757.759804110 0 0 1.5 0 0 1.49667
1766479757.769356158 0 0 1.5 0 0 1.4969
1766479757.779556296 0 0 1.5 0 0 1.49713
1766479757.789637835 0 0 1.5 0 0 1.49735
1766479757.799501178 0 0 1.5 0 0 1.49757
1766479757.814108459 0 0 1.5 0 0 1.49777
1766479757.820275267 0 0 1.5 0 0 1.49797
1766479757.829651724 0 0 1.5 0 0 1.49814
1766479757.840826780 0 0 1.5 0 0 1.49833
1766479757.851240724 0 0 1.5 0 0 1.4985
1766479757.859807041 0 0 1.5 0 0 1.49867
1766479757.869802533 0 0 1.5 0 0 1.49884
1766479757.879893795 0 0 1.5 0 0 1.49899
1766479757.890033928 0 0 1.5 0 0 1.49914
1766479757.899567860 0 0 1.5 0 0 1.49929
1766479757.910349759 0 0 1.5 0 0 1.49943
1766479757.920065495 0 0 1.5 0 0 1.49956
1766479757.929684290 0 0 1.5 0 0 1.49969
1766479757.940708356 0 0 1.5 0 0 1.49981
1766479757.950002899 0 0 1.5 0 0 1.49992
1766479757.960094524 0 0 1.5 0 0 1.50003
1766479757.970665129 0 0 1.5 0 0 1.50013
1766479757.979746865 0 0 1.5 0 0 1.50024
1766479757.997397715 0 0 1.5 0 0 1.50033
1766479757.999990035 0 0 1.5 0 0 1.50035
1766479758.009704716 0 0 1.5 0 0 1.50044
1766479758.019768885 0 0 1.5 0 0 1.50053
1766479758.029700897 0 0 1.5 0 0 1.50061
1766479758.039598926 0 0 1.5 0 0 1.50069
1766479758.074029864 0 0 1.5 0 0 1.50074
1766479758.074251607 0 0 1.5 0 0 1.50076
1766479758.074427854 0 0 1.5 0 0 1.50076
1766479758.074571799 0 0 1.5 0 0 1.50076
1766479758.074715958 0 0 1.5 0 0 1.50076
1766479758.080254539 0 0 1.5 0 0 1.5008
1766479758.090421204 0 0 1.5 0 0 1.50087
1766479758.109627960 0 0 1.5 0 0 1.50098
1766479758.119387412 0 0 1.5 0 0 1.50104
1766479758.129277934 0 0 1.5 0 0 1.50108
1766479758.137734576 0 0 1.5 0 0 1.50108
1766479758.137920871 0 0 1.5 0 0 1.50108
1766479758.138012317 0 0 1.5 0 0 1.50108
1766479758.138094550 0 0 1.5 0 0 1.50108
1766479758.139895880 0 0 1.5 0 0 1.50111
1766479758.149908401 0 0 1.5 0 0 1.50117
1766479758.170026328 0 0 1.5 0 0 1.50126
1766479758.179509531 0 0 1.5 0 0 1.5013
1766479758.189723879 0 0 1.5 0 0 1.50134
1766479758.194638050 0 0 1.5 0 0 1.50134
1766479758.194824137 0 0 1.5 0 0 1.50134
1766479758.194965954 0 0 1.5 0 0 1.50134
1766479758.195216522 0 0 1.5 0 0 1.50134
1766479758.199802770 0 0 1.5 0 0 1.50134
1766479758.209786351 0 0 1.5 0 0 1.50136
1766479758.219761100 0 0 1.5 0 0 1.50142
1766479758.230044934 0 0 1.5 0 0 1.50145
1766479758.239239535 0 0 1.5 0 0 1.50147
1766479758.249712983 0 0 1.5 0 0 1.5015
1766479758.254022600 0 0 1.5 0 0 1.5015
1766479758.254286034 0 0 1.5 0 0 1.5015
1766479758.254446625 0 0 1.5 0 0 1.5015
1766479758.254599088 0 0 1.5 0 0 1.5015
1766479758.260896089 0 0 1.5 0 0 1.50152
1766479758.269687217 0 0 1.5 0 0 1.50152
1766479758.279168425 0 0 1.5 0 0 1.50156
1766479758.289564279 0 0 1.5 0 0 1.50157
1766479758.299162052 0 0 1.5 0 0 1.50159
1766479758.309260520 0 0 1.5 0 0 1.5016
1766479758.313732541 0 0 1.5 0 0 1.5016
1766479758.313986224 0 0 1.5 0 0 1.5016
1766479758.314181391 0 0 1.5 0 0 1.5016
1766479758.314378368 0 0 1.5 0 0 1.5016
1766479758.320556557 0 0 1.5 0 0 1.5016
1766479758.330038127 0 0 1.5 0 0 1.50162
1766479758.339545915 0 0 1.5 0 0 1.50164
1766479758.349398775 0 0 1.5 0 0 1.50165
1766479758.359463823 0 0 1.5 0 0 1.50165
1766479758.369637811 0 0 1.5 0 0 1.50166
1766479758.373588273 0 0 1.5 0 0 1.50166
1766479758.373851007 0 0 1.5 0 0 1.50166
1766479758.374029879 0 0 1.5 0 0 1.50166
1766479758.374169142 0 0 1.5 0 0 1.50166
1766479758.379257687 0 0 1.5 0 0 1.50166
1766479758.389586727 0 0 1.5 0 0 1.50166
1766479758.399606978 0 0 1.5 0 0 1.50167
1766479758.409257643 0 0 1.5 0 0 1.50167
1766479758.420035826 0 0 1.5 0 0 1.50167
1766479758.429366724 0 0 1.5 0 0 1.50167
1766479758.433867539 0 0 1.5 0 0 1.50167
1766479758.434093438 0 0 1.5 0 0 1.50167
1766479758.434248008 0 0 1.5 0 0 1.50167
1766479758.434387267 0 0 1.5 0 0 1.50167
1766479758.439797940 0 0 1.5 0 0 1.50167
1766479758.450440346 0 0 1.5 0 0 1.50167
1766479758.460113202 0 0 1.5 0 0 1.50166
1766479758.469724565 0 0 1.5 0 0 1.50166
1766479758.479945249 0 0 1.5 0 0 1.50165
1766479758.490595410 0 0 1.5 0 0 1.50164
1766479758.493761622 0 0 1.5 0 0 1.50164
1766479758.494039492 0 0 1.5 0 0 1.50164
1766479758.494251926 0 0 1.5 0 0 1.50164
1766479758.494422616 0 0 1.5 0 0 1.50164
1766479758.499347494 0 0 1.5 0 0 1.50164
1766479758.510389058 0 0 1.5 0 0 1.50164
1766479758.519900980 0 0 1.5 0 0 1.50162
1766479758.530346467 0 0 1.5 0 0 1.50161
1766479758.539968411 0 0 1.5 0 0 1.5016
1766479758.549329826 0 0 1.5 0 0 1.5016
1766479758.553678451 0 0 1.5 0 0 1.5016
1766479758.554037292 0 0 1.5 0 0 1.5016
1766479758.554254712 0 0 1.5 0 0 1.5016
1766479758.554453192 0 0 1.5 0 0 1.5016
1766479758.560039534 0 0 1.5 0 0 1.5016
1766479758.570153174 0 0 1.5 0 0 1.50159
1766479758.579362386 0 0 1.5 0 0 1.50156
1766479758.589683870 0 0 1.5 0 0 1.50155
1766479758.599113256 0 0 1.5 0 0 1.50154
1766479758.609660539 0 0 1.5 0 0 1.50153
1766479758.613751669 0 0 1.5 0 0 1.50153
1766479758.614020344 0 0 1.5 0 0 1.50153
1766479758.614254568 0 0 1.5 0 0 1.50153
1766479758.614455489 0 0 1.5 0 0 1.50153
1766479758.620242112 0 0 1.5 0 0 1.50153
1766479758.629613264 0 0 1.5 0 0 1.50152
1766479758.639306082 0 0 1.5 0 0 1.5015
1766479758.649152516 0 0 1.5 0 0 1.50148
1766479758.660797812 0 0 1.5 0 0 1.50147
1766479758.670027492 0 0 1.5 0 0 1.50145
1766479758.673778886 0 0 1.5 0 0 1.50145
1766479758.673991435 0 0 1.5 0 0 1.50145
1766479758.674127545 0 0 1.5 0 0 1.50145
1766479758.674461698 0 0 1.5 0 0 1.50145
1766479758.680553130 0 0 1.5 0 0 1.50143
1766479758.690192648 0 0 1.5 0 0 1.50142
1766479758.709716735 0 0 1.5 0 0 1.50139
1766479758.741179069 0 0 1.5 0 0 1.50137
1766479758.741392667 0 0 1.5 0 0 1.50135
1766479758.741528867 0 0 1.5 0 0 1.50134
1766479758.741721970 0 0 1.5 0 0 1.50134
1766479758.741874447 0 0 1.5 0 0 1.50134
1766479758.742000577 0 0 1.5 0 0 1.50134
1766479758.742122866 0 0 1.5 0 0 1.50134
1766479758.742245887 0 0 1.5 0 0 1.50134
1766479758.749595990 0 0 1.5 0 0 1.50132
1766479758.770103898 0 0 1.5 0 0 1.50128
1766479758.779403879 0 0 1.5 0 0 1.50127
1766479758.789808467 0 0 1.5 0 0 1.50125
1766479758.793822932 0 0 1.5 0 0 1.50125
1766479758.794143340 0 0 1.5 0 0 1.50125
1766479758.794372361 0 0 1.5 0 0 1.50125
1766479758.794556631 0 0 1.5 0 0 1.50125
1766479758.800715969 0 0 1.5 0 0 1.50123
1766479758.810185193 0 0 1.5 0 0 1.50122
1766479758.830250297 0 0 1.5 0 0 1.50118
1766479758.839898818 0 0 1.5 0 0 1.50116
1766479758.849903049 0 0 1.5 0 0 1.50114
1766479758.853824815 0 0 1.5 0 0 1.50114
1766479758.854105057 0 0 1.5 0 0 1.50114
1766479758.854312835 0 0 1.5 0 0 1.50114
1766479758.854558013 0 0 1.5 0 0 1.50114
1766479758.859537831 0 0 1.5 0 0 1.50113
1766479758.870177263 0 0 1.5 0 0 1.50113
1766479758.880531794 0 0 1.5 0 0 1.50109
1766479758.889743636 0 0 1.5 0 0 1.50107
1766479758.899023052 0 0 1.5 0 0 1.50106
1766479758.909752297 0 0 1.5 0 0 1.50104
1766479758.913923327 0 0 1.5 0 0 1.50104
1766479758.914246433 0 0 1.5 0 0 1.50104
1766479758.914448306 0 0 1.5 0 0 1.50104
1766479758.914627117 0 0 1.5 0 0 1.50104
1766479758.920919763 0 0 1.5 0 0 1.50102
1766479758.930232534 0 0 1.5 0 0 1.50101
1766479758.949376764 0 0 1.5 0 0 1.50097
1766479758.959281436 0 0 1.5 0 0 1.50096
1766479758.969137201 0 0 1.5 0 0 1.50094
1766479758.973388346 0 0 1.5 0 0 1.50094
1766479758.973605260 0 0 1.5 0 0 1.50094
1766479758.973739901 0 0 1.5 0 0 1.50094
1766479758.973869097 0 0 1.5 0 0 1.50094
1766479758.980205946 0 0 1.5 0 0 1.50092
1766479758.989751836 0 0 1.5 0 0 1.50091
1766479759.009373092 0 0 1.5 0 0 1.50087
1766479759.019470570 0 0 1.5 0 0 1.50086
1766479759.029763614 0 0 1.5 0 0 1.50084
1766479759.033386842 0 0 1.5 0 0 1.50084
1766479759.033657003 0 0 1.5 0 0 1.50084
1766479759.033859019 0 0 1.5 0 0 1.50084
1766479759.034051661 0 0 1.5 0 0 1.50084
1766479759.039399440 0 0 1.5 0 0 1.50083
1766479759.050157654 0 0 1.5 0 0 1.50081
1766479759.069631632 0 0 1.5 0 0 1.50078
1766479759.079193545 0 0 1.5 0 0 1.50076
1766479759.090070305 0 0 1.5 0 0 1.50074
1766479759.093418781 0 0 1.5 0 0 1.50074
1766479759.093671081 0 0 1.5 0 0 1.50074
1766479759.094100210 0 0 1.5 0 0 1.50074
1766479759.094422889 0 0 1.5 0 0 1.50074
1766479759.099765935 0 0 1.5 0 0 1.50073
1766479759.109420121 0 0 1.5 0 0 1.50071
1766479759.129261717 0 0 1.5 0 0 1.50068
1766479759.139650766 0 0 1.5 0 0 1.50067
1766479759.149087529 0 0 1.5 0 0 1.50065
1766479759.153670800 0 0 1.5 0 0 1.50065
1766479759.153862681 0 0 1.5 0 0 1.50065
1766479759.153996478 0 0 1.5 0 0 1.50065
1766479759.154145745 0 0 1.5 0 0 1.50065
1766479759.159565899 0 0 1.5 0 0 1.50064
1766479759.169646042 0 0 1.5 0 0 1.50062
1766479759.189457591 0 0 1.5 0 0 1.5006
1766479759.199166987 0 0 1.5 0 0 1.50058
1766479759.209184133 0 0 1.5 0 0 1.50057
1766479759.213751499 0 0 1.5 0 0 1.50057
1766479759.213950706 0 0 1.5 0 0 1.50057
1766479759.214085855 0 0 1.5 0 0 1.50057
1766479759.214703404 0 0 1.5 0 0 1.50057
1766479759.220017843 0 0 1.5 0 0 1.50056
1766479759.230136446 0 0 1.5 0 0 1.50054
1766479759.249653601 0 0 1.5 0 0 1.50052
1766479759.259188507 0 0 1.5 0 0 1.50051
1766479759.269318733 0 0 1.5 0 0 1.50049
1766479759.273821592 0 0 1.5 0 0 1.50049
1766479759.274018989 0 0 1.5 0 0 1.50049
1766479759.274149343 0 0 1.5 0 0 1.50049
1766479759.274275137 0 0 1.5 0 0 1.50049
1766479759.279671093 0 0 1.5 0 0 1.50048
1766479759.290297250 0 0 1.5 0 0 1.50047
1766479759.309319745 0 0 1.5 0 0 1.50045
1766479759.320535919 0 0 1.5 0 0 1.50044
1766479759.329642320 0 0 1.5 0 0 1.50043
1766479759.333432029 0 0 1.5 0 0 1.50043
1766479759.333718966 0 0 1.5 0 0 1.50043
1766479759.333884916 0 0 1.5 0 0 1.50043
1766479759.334014441 0 0 1.5 0 0 1.50043
1766479759.339273349 0 0 1.5 0 0 1.50042
1766479759.351336242 0 0 1.5 0 0 1.50041
1766479759.369062114 0 0 1.5 0 0 1.5004
1766479759.380435945 0 0 1.5 0 0 1.50039
1766479759.391881170 0 0 1.5 0 0 1.50038
1766479759.394070319 0 0 1.5 0 0 1.50038
1766479759.394354438 0 0 1.5 0 0 1.50038
1766479759.394556895 0 0 1.5 0 0 1.50038
1766479759.394700021 0 0 1.5 0 0 1.50038
1766479759.400750357 0 0 1.5 0 0 1.50038
1766479759.410659234 0 0 1.5 0 0 1.50037
1766479759.430661798 0 0 1.5 0 0 1.50035
1766479759.439264091 0 0 1.5 0 0 1.50034
1766479759.449775006 0 0 1.5 0 0 1.50033
1766479759.454117132 0 0 1.5 0 0 1.50033
1766479759.454461998 0 0 1.5 0 0 1.50033
1766479759.454711932 0 0 1.5 0 0 1.50033
1766479759.454956252 0 0 1.5 0 0 1.50033
1766479759.459706789 0 0 1.5 0 0 1.50033
1766479759.469541567 0 0 1.5 0 0 1.50031
1766479759.469870253 0 0 1.5 0 0 1.50031
1766479759.489360956 0 0 1.5 0 0 1.5003
1766479759.501119839 0 0 1.5 0 0 1.50029
1766479759.510376642 0 0 1.5 0 0 1.50028
1766479759.511088915 0 0 1.5 0 0 1.50028
1766479759.511262546 0 0 1.5 0 0 1.50028
1766479759.511390556 0 0 1.5 0 0 1.50028
1766479759.511512705 0 0 1.5 0 0 1.50028
1766479759.520986389 0 0 1.5 0 0 1.50027
1766479759.541102908 0 0 1.5 0 0 1.50026
1766479759.549223486 0 0 1.5 0 0 1.50026
1766479759.559053112 0 0 1.5 0 0 1.50025
1766479759.564436489 0 0 1.5 0 0 1.50025
1766479759.564714227 0 0 1.5 0 0 1.50025
1766479759.564919097 0 0 1.5 0 0 1.50025
1766479759.565083041 0 0 1.5 0 0 1.50025
1766479759.570048788 0 0 1.5 0 0 1.50024
1766479759.579244162 0 0 1.5 0 0 1.50024
1766479759.599996074 0 0 1.5 0 0 1.50022
1766479759.609741071 0 0 1.5 0 0 1.50022
1766479759.619838724 0 0 1.5 0 0 1.50021
1766479759.625090390 0 0 1.5 0 0 1.50021
1766479759.625337234 0 0 1.5 0 0 1.50021
1766479759.625494336 0 0 1.5 0 0 1.50021
1766479759.625648366 0 0 1.5 0 0 1.50021
1766479759.631822324 0 0 1.5 0 0 1.5002
1766479759.639957439 0 0 1.5 0 0 1.5002
1766479759.659643626 0 0 1.5 0 0 1.50018
1766479759.669594517 0 0 1.5 0 0 1.50018
1766479759.679775252 0 0 1.5 0 0 1.50017
1766479759.681792460 0 0 1.5 0 0 1.50017
1766479759.681917391 0 0 1.5 0 0 1.50017
1766479759.681991123 0 0 1.5 0 0 1.50017
1766479759.682064603 0 0 1.5 0 0 1.50017
1766479759.690311161 0 0 1.5 0 0 1.50017
1766479759.699790247 0 0 1.5 0 0 1.50016
1766479759.719814217 0 0 1.5 0 0 1.50015
1766479759.729873194 0 0 1.5 0 0 1.50014
1766479759.739638047 0 0 1.5 0 0 1.50014
1766479759.741804905 0 0 1.5 0 0 1.50014
1766479759.742026728 0 0 1.5 0 0 1.50014
1766479759.742173218 0 0 1.5 0 0 1.50014
1766479759.742298009 0 0 1.5 0 0 1.50014
1766479759.749735436 0 0 1.5 0 0 1.50013
1766479759.759911544 0 0 1.5 0 0 1.50013
1766479759.779461074 0 0 1.5 0 0 1.50012
1766479759.789689148 0 0 1.5 0 0 1.50011
1766479759.799800348 0 0 1.5 0 0 1.50011
1766479759.801763528 0 0 1.5 0 0 1.50011
1766479759.802065145 0 0 1.5 0 0 1.50011
1766479759.802285674 0 0 1.5 0 0 1.50011
1766479759.802480402 0 0 1.5 0 0 1.50011
1766479759.809853407 0 0 1.5 0 0 1.50011
1766479759.819821602 0 0 1.5 0 0 1.5001
1766479759.839481397 0 0 1.5 0 0 1.5001
1766479759.849631500 0 0 1.5 0 0 1.50009
1766479759.860051994 0 0 1.5 0 0 1.50009
1766479759.861878697 0 0 1.5 0 0 1.50009
1766479759.862136877 0 0 1.5 0 0 1.50009
1766479759.862378999 0 0 1.5 0 0 1.50009
1766479759.862640296 0 0 1.5 0 0 1.50009
1766479759.870011527 0 0 1.5 0 0 1.50008
1766479759.879603825 0 0 1.5 0 0 1.50008
1766479759.899316239 0 0 1.5 0 0 1.50007
1766479759.909367028 0 0 1.5 0 0 1.50007
1766479759.919766676 0 0 1.5 0 0 1.50007
1766479759.921959677 0 0 1.5 0 0 1.50007
1766479759.922131297 0 0 1.5 0 0 1.50007
1766479759.922349011 0 0 1.5 0 0 1.50007
1766479759.922431246 0 0 1.5 0 0 1.50007
1766479759.929934493 0 0 1.5 0 0 1.50006
1766479759.940220588 0 0 1.5 0 0 1.50006
1766479759.959438855 0 0 1.5 0 0 1.50006
1766479759.969446094 0 0 1.5 0 0 1.50006
1766479759.979073184 0 0 1.5 0 0 1.50005
1766479759.986101367 0 0 1.5 0 0 1.50005
1766479759.986289813 0 0 1.5 0 0 1.50005
1766479759.986446620 0 0 1.5 0 0 1.50005
1766479759.986571779 0 0 1.5 0 0 1.50005
1766479759.989514222 0 0 1.5 0 0 1.50005
1766479759.999647030 0 0 1.5 0 0 1.50005
1766479760.019184185 0 0 1.5 0 0 1.50004
1766479760.030728761 0 0 1.5 0 0 1.50004
1766479760.039351233 0 0 1.5 0 0 1.50004
1766479760.041499468 0 0 1.5 0 0 1.50004
1766479760.041623284 0 0 1.5 0 0 1.50004
1766479760.041698306 0 0 1.5 0 0 1.50004
1766479760.041768698 0 0 1.5 0 0 1.50004
1766479760.061245908 0 0 1.5 0 0 1.50004
1766479760.061440156 0 0 1.5 0 0 1.50004
1766479760.061529519 0 0 1.5 0 0 1.50004
1766479760.079972665 0 0 1.5 0 0 1.50003
1766479760.090000688 0 0 1.5 0 0 1.50003
1766479760.099554689 0 0 1.5 0 0 1.50003
1766479760.102363016 0 0 1.5 0 0 1.50003
1766479760.102603802 0 0 1.5 0 0 1.50003
1766479760.102690018 0 0 1.5 0 0 1.50003
1766479760.102810089 0 0 1.5 0 0 1.50003
1766479760.110375548 0 0 1.5 0 0 1.50003
1766479760.120066778 0 0 1.5 0 0 1.50002
1766479760.139540724 0 0 1.5 0 0 1.50002
1766479760.149576685 0 0 1.5 0 0 1.50002
1766479760.159736856 0 0 1.5 0 0 1.50002
1766479760.161538006 0 0 1.5 0 0 1.50002
1766479760.161740738 0 0 1.5 0 0 1.50002
1766479760.161886731 0 0 1.5 0 0 1.50002
1766479760.162002427 0 0 1.5 0 0 1.50002
1766479760.170348203 0 0 1.5 0 0 1.50002
1766479760.180232974 0 0 1.5 0 0 1.50002
1766479760.200201852 0 0 1.5 0 0 1.50001
1766479760.211322879 0 0 1.5 0 0 1.50001
1766479760.220363356 0 0 1.5 0 0 1.50001
1766479760.225926241 0 0 1.5 0 0 1.50001
1766479760.226227586 0 0 1.5 0 0 1.50001
1766479760.226413374 0 0 1.5 0 0 1.50001
1766479760.226589033 0 0 1.5 0 0 1.50001
1766479760.231511695 0 0 1.5 0 0 1.50001
1766479760.241315399 0 0 1.5 0 0 1.50001
1766479760.260676049 0 0 1.5 0 0 1.50001
1766479760.269948733 0 0 1.5 0 0 1.50001
1766479760.281008355 0 0 1.5 0 0 1.50001
1766479760.290371711 0 0 1.5 0 0 1.50001
1766479760.290725563 0 0 1.5 0 0 1.50001
1766479760.290900203 0 0 1.5 0 0 1.50001
1766479760.291097675 0 0 1.5 0 0 1.50001
1766479760.292668670 0 0 1.5 0 0 1.50001
1766479760.304650840 0 0 1.5 0 0 1.50001
1766479760.321303910 0 0 1.5 0 0 1.5
1766479760.330387272 0 0 1.5 0 0 1.5
1766479760.342569232 0 0 1.5 0 0 1.5
1766479760.342807105 0 0 1.5 0 0 1.5
1766479760.343499367 0 0 1.5 0 0 1.5
1766479760.343788556 0 0 1.5 0 0 1.5
1766479760.344097574 0 0 1.5 0 0 1.5
1766479760.351905588 0 0 1.5 0 0 1.5
1766479760.371127383 0 0 1.5 0 0 1.5
1766479760.387638471 0 0 1.5 0 0 1.5
1766479760.390409962 0 0 1.5 0 0 1.5
1766479760.395577374 0 0 1.5 0 0 1.5
1766479760.395938404 0 0 1.5 0 0 1.5
1766479760.396114071 0 0 1.5 0 0 1.5
1766479760.396268093 0 0 1.5 0 0 1.5
1766479760.400959551 0 0 1.5 0 0 1.5
1766479760.412098611 0 0 1.5 0 0 1.5
1766479760.430203587 0 0 1.5 0 0 1.5
1766479760.455269333 0 0 1.5 0 0 1.5
1766479760.455806291 0 0 1.5 0 0 1.5
1766479760.460507043 0 0 1.5 0 0 1.5
1766479760.461805611 0 0 1.5 0 0 1.5
1766479760.462157109 0 0 1.5 0 0 1.5
1766479760.462428410 0 0 1.5 0 0 1.5
1766479760.472056163 0 0 1.5 0 0 1.5
1766479760.474209721 0 0 1.5 0 0 1.5
1766479760.491099298 0 0 1.5 0 0 1.5
1766479760.501001657 0 0 1.5 0 0 1.5
1766479760.511504975 0 0 1.5 0 0 1.5
1766479760.516002716 0 0 1.5 0 0 1.5
1766479760.516791622 0 0 1.5 0 0 1.5
1766479760.517152662 0 0 1.5 0 0 1.5
1766479760.517433387 0 0 1.5 0 0 1.5
1766479760.521638161 0 0 1.5 0 0 1.5
1766479760.533280441 0 0 1.5 0 0 1.5
1766479760.553691316 0 0 1.5 0 0 1.5
1766479760.560002952 0 0 1.5 0 0 1.5
1766479760.570656695 0 0 1.5 0 0 1.5
1766479760.574411102 0 0 1.5 0 0 1.5
1766479760.575700098 0 0 1.5 0 0 1.5
1766479760.576227266 0 0 1.5 0 0 1.5
1766479760.576541450 0 0 1.5 0 0 1.5
1766479760.581768203 0 0 1.5 0 0 1.49999
1766479760.592569427 0 0 1.5 0 0 1.49999
1766479760.601024312 0 0 1.5 0 0 1.49999
1766479760.611581172 0 0 1.5 0 0 1.49999
1766479760.620252639 0 0 1.5 0 0 1.49999
1766479760.633217319 0 0 1.5 0 0 1.49999
1766479760.634778456 0 0 1.5 0 0 1.49999
1766479760.635096238 0 0 1.5 0 0 1.49999
1766479760.635271295 0 0 1.5 0 0 1.49999
1766479760.635425283 0 0 1.5 0 0 1.49999
1766479760.644307259 0 0 1.5 0 0 1.49999
1766479760.654058102 0 0 1.5 0 0 1.49999
1766479760.670001744 0 0 1.5 0 0 1.49999
1766479760.680591579 0 0 1.5 0 0 1.49999
1766479760.691007321 0 0 1.5 0 0 1.49999
1766479760.694125257 0 0 1.5 0 0 1.49999
1766479760.694435572 0 0 1.5 0 0 1.49999
1766479760.695292021 0 0 1.5 0 0 1.49999
1766479760.695532492 0 0 1.5 0 0 1.49999
1766479760.704565801 0 0 1.5 0 0 1.49999
1766479760.720165335 0 0 1.5 0 0 1.49999
1766479760.731510365 0 0 1.5 0 0 1.49999
1766479760.741453812 0 0 1.5 0 0 1.49999
1766479760.753344629 0 0 1.5 0 0 1.49999
1766479760.759020822 0 0 1.5 0 0 1.49999
1766479760.759479655 0 0 1.5 0 0 1.49999
1766479760.759662134 0 0 1.5 0 0 1.49999
1766479760.759917919 0 0 1.5 0 0 1.49999
1766479760.763345295 0 0 1.5 0 0 1.49999
1766479760.770471868 0 0 1.5 0 0 1.49999
1766479760.771378454 0 0 1.5 0 0 1.49999
1766479760.790627191 0 0 1.5 0 0 1.49999
1766479760.803761153 0 0 1.5 0 0 1.49999
1766479760.810626581 0 0 1.5 0 0 1.49999
1766479760.814311905 0 0 1.5 0 0 1.49999
1766479760.814861923 0 0 1.5 0 0 1.49999
1766479760.815182349 0 0 1.5 0 0 1.49999
1766479760.815454201 0 0 1.5 0 0 1.49999
1766479760.821376070 0 0 1.5 0 0 1.49999
1766479760.833374791 0 0 1.5 0 0 1.49999
1766479760.833863875 0 0 1.5 0 0 1.49999
1766479760.854507747 0 0 1.5 0 0 1.49999
1766479760.865863287 0 0 1.5 0 0 1.49999
1766479760.869843552 0 0 1.5 0 0 1.49999
1766479760.873986473 0 0 1.5 0 0 1.49999
1766479760.874345206 0 0 1.5 0 0 1.49999
1766479760.874566239 0 0 1.5 0 0 1.49999
1766479760.875049813 0 0 1.5 0 0 1.49999
1766479760.883539195 0 0 1.5 0 0 1.49999
1766479760.891880798 0 0 1.5 0 0 1.49999
1766479760.901899252 0 0 1.5 0 0 1.49999
1766479760.922193742 0 0 1.5 0 0 1.49999
1766479760.924467589 0 0 1.5 0 0 1.49999
1766479760.932028891 0 0 1.5 0 0 1.49999
1766479760.935510025 0 0 1.5 0 0 1.49999
1766479760.935886592 0 0 1.5 0 0 1.49999
1766479760.936160668 0 0 1.5 0 0 1.49999
1766479760.936400052 0 0 1.5 0 0 1.49999
1766479760.941579145 0 0 1.5 0 0 1.49999
1766479760.952650829 0 0 1.5 0 0 1.49999
1766479760.953100997 0 0 1.5 0 0 1.49999
1766479760.970789936 0 0 1.5 0 0 1.49999
1766479760.981573971 0 0 1.5 0 0 1.49999
1766479760.991298102 0 0 1.5 0 0 1.49999
1766479760.994450508 0 0 1.5 0 0 1.49999
1766479760.994774226 0 0 1.5 0 0 1.49999
1766479760.995095121 0 0 1.5 0 0 1.49999
1766479760.995318955 0 0 1.5 0 0 1.49999
1766479761.006657966 0 0 1.5 0 0 1.49999
1766479761.009596356 0 0 1.5 0 0 1.49999
1766479761.010207949 0 0 1.5 0 0 1.49999
1766479761.029539111 0 0 1.5 0 0 1.49999
1766479761.041181059 0 0 1.5 0 0 1.49999
1766479761.053874460 0 0 1.5 0 0 1.49999
1766479761.054163910 0 0 1.5 0 0 1.49999
1766479761.054358239 0 0 1.5 0 0 1.49999
1766479761.054574163 0 0 1.5 0 0 1.49999
1766479761.062133096 0 0 1.5 0 0 1.49999
1766479761.062511502 0 0 1.5 0 0 1.49999
1766479761.080548486 0 0 1.5 0 0 1.49999
1766479761.092286226 0 0 1.5 0 0 1.49999
1766479761.099665931 0 0 1.5 0 0 1.49999
1766479761.108876462 0 0 1.5 0 0 1.49999
1766479761.109219371 0 0 1.5 0 0 1.49999
1766479761.109477188 0 0 1.5 0 0 1.49999
1766479761.109719916 0 0 1.5 0 0 1.49999
1766479761.111375331 0 0 1.5 0 0 1.49999
1766479761.122208520 0 0 1.5 0 0 1.49999
1766479761.141946175 0 0 1.5 0 0 1.49999
1766479761.151724191 0 0 1.5 0 0 1.49999
1766479761.162001702 0 0 1.5 0 0 1.49999
1766479761.163446066 0 0 1.5 0 0 1.49999
1766479761.163796159 0 0 1.5 0 0 1.49999
1766479761.164079302 0 0 1.5 0 0 1.49999
1766479761.164318429 0 0 1.5 0 0 1.49999
1766479761.171761934 0 0 1.5 0 0 1.49999
1766479761.180840131 0 0 1.5 0 0 1.49999
1766479761.199544595 0 0 1.5 0 0 1.49999
1766479761.212307100 0 0 1.5 0 0 1.49999
1766479761.219724322 0 0 1.5 0 0 1.49999
1766479761.224060222 0 0 1.5 0 0 1.49999
1766479761.224487041 0 0 1.5 0 0 1.49999
1766479761.224740488 0 0 1.5 0 0 1.49999
1766479761.225014684 0 0 1.5 0 0 1.49999
1766479761.230953412 0 0 1.5 0 0 1.49999
1766479761.240782881 0 0 1.5 0 0 1.49999
1766479761.260507322 0 0 1.5 0 0 1.49999
1766479761.271262716 0 0 1.5 0 0 1.49999
1766479761.280507140 0 0 1.5 0 0 1.49999
1766479761.284316785 0 0 1.5 0 0 1.49999
1766479761.284681446 0 0 1.5 0 0 1.49999
1766479761.284981858 0 0 1.5 0 0 1.49999
1766479761.285374105 0 0 1.5 0 0 1.49999
1766479761.290520115 0 0 1.5 0 0 1.49999
1766479761.302787732 0 0 1.5 0 0 1.49999
1766479761.320786090 0 0 1.5 0 0 1.49999
1766479761.330871476 0 0 1.5 0 0 1.49999
1766479761.341844494 0 0 1.5 0 0 1.49999
1766479761.342509141 0 0 1.5 0 0 1.49999
1766479761.342845468 0 0 1.5 0 0 1.49999
1766479761.343122057 0 0 1.5 0 0 1.49999
1766479761.345720390 0 0 1.5 0 0 1.49999
1766479761.351076755 0 0 1.5 0 0 1.49999
1766479761.360275004 0 0 1.5 0 0 1.49999
1766479761.383877808 0 0 1.5 0 0 1.49999
1766479761.390464367 0 0 1.5 0 0 1.49999
1766479761.399913416 0 0 1.5 0 0 1.49999
1766479761.403661023 0 0 1.5 0 0 1.49999
1766479761.404007116 0 0 1.5 0 0 1.49999
1766479761.404766693 0 0 1.5 0 0 1.49999
1766479761.405113883 0 0 1.5 0 0 1.49999
1766479761.411122653 0 0 1.5 0 0 1.49999
1766479761.421584905 0 0 1.5 0 0 1.49999
1766479761.440762129 0 0 1.5 0 0 1.49999
1766479761.450523159 0 0 1.5 0 0 1.49999
1766479761.459781707 0 0 1.5 0 0 1.49999
1766479761.466697621 0 0 1.5 0 0 1.49999
1766479761.467010982 0 0 1.5 0 0 1.49999
1766479761.467269384 0 0 1.5 0 0 1.49999
1766479761.467750441 0 0 1.5 0 0 1.49999
1766479761.471870091 0 0 1.5 0 0 1.49999
1766479761.483297193 0 0 1.5 0 0 1.49999
1766479761.500603372 0 0 1.5 0 0 1.49999
1766479761.510449202 0 0 1.5 0 0 1.49999
1766479761.519528350 0 0 1.5 0 0 1.49999
1766479761.527043293 0 0 1.5 0 0 1.49999
1766479761.527342599 0 0 1.5 0 0 1.49999
1766479761.527551104 0 0 1.5 0 0 1.49999
1766479761.527727955 0 0 1.5 0 0 1.49999
1766479761.531249723 0 0 1.5 0 0 1.49999
1766479761.541582747 0 0 1.5 0 0 1.49999
1766479761.561836322 0 0 1.5 0 0 1.49999
1766479761.570486920 0 0 1.5 0 0 1.49999
1766479761.580650840 0 0 1.5 0 0 1.49999
1766479761.587580964 0 0 1.5 0 0 1.49999
1766479761.587851923 0 0 1.5 0 0 1.49999
1766479761.588043732 0 0 1.5 0 0 1.49999
1766479761.588285807 0 0 1.5 0 0 1.49999
1766479761.590473868 0 0 1.5 0 0 1.49999
1766479761.600886551 0 0 1.5 0 0 1.49999
1766479761.622218145 0 0 1.5 0 0 1.49999
1766479761.632681833 0 0 1.5 0 0 1.49999
1766479761.640919274 0 0 1.5 0 0 1.49999
1766479761.642501546 0 0 1.5 0 0 1.49999
1766479761.642768988 0 0 1.5 0 0 1.49999
1766479761.643077468 0 0 1.5 0 0 1.49999
1766479761.643275160 0 0 1.5 0 0 1.49999
1766479761.650029746 0 0 1.5 0 0 1.49999
1766479761.661133464 0 0 1.5 0 0 1.49999
1766479761.681063410 0 0 1.5 0 0 1.49999
1766479761.691398289 0 0 1.5 0 0 1.49999
1766479761.699579276 0 0 1.5 0 0 1.49999
1766479761.703066803 0 0 1.5 0 0 1.49999
1766479761.703356816 0 0 1.5 0 0 1.49999
1766479761.703602923 0 0 1.5 0 0 1.49999
1766479761.703785204 0 0 1.5 0 0 1.49999
1766479761.712551801 0 0 1.5 0 0 1.49999
1766479761.721091179 0 0 1.5 0 0 1.49999
1766479761.739919714 0 0 1.5 0 0 1.49999
1766479761.750543998 0 0 1.5 0 0 1.49999
1766479761.760128129 0 0 1.5 0 0 1.49999
1766479761.763823348 0 0 1.5 0 0 1.49999
1766479761.764150419 0 0 1.5 0 0 1.49999
1766479761.764432961 0 0 1.5 0 0 1.49999
1766479761.764707184 0 0 1.5 0 0 1.49999
1766479761.770560352 0 0 1.5 0 0 1.49999
1766479761.781489833 0 0 1.5 0 0 1.49999
1766479761.802435690 0 0 1.5 0 0 1.49999
1766479761.809883863 0 0 1.5 0 0 1.49999
1766479761.820049077 0 0 1.5 0 0 1.49999
1766479761.826593310 0 0 1.5 0 0 1.49999
1766479761.827436742 0 0 1.5 0 0 1.49999
1766479761.827736540 0 0 1.5 0 0 1.49999
1766479761.827907215 0 0 1.5 0 0 1.49999
1766479761.830404005 0 0 1.5 0 0 1.49999
1766479761.841648711 0 0 1.5 0 0 1.49999
1766479761.861599335 0 0 1.5 0 0 1.49999
1766479761.871361684 0 0 1.5 0 0 1.49999
1766479761.880050145 0 0 1.5 0 0 1.49999
1766479761.883123878 0 0 1.5 0 0 1.49999
1766479761.883482771 0 0 1.5 0 0 1.49999
1766479761.883705239 0 0 1.5 0 0 1.49999
1766479761.883970497 0 0 1.5 0 0 1.49999
1766479761.890280402 0 0 1.5 0 0 1.49999
1766479761.902329895 0 0 1.5 0 0 1.49999
1766479761.921716098 0 0 1.5 0 0 1.49999
1766479761.930996469 0 0 1.5 0 0 1.49999
1766479761.939952769 0 0 1.5 0 0 1.49999
1766479761.946573065 0 0 1.5 0 0 1.49999
1766479761.946947514 0 0 1.5 0 0 1.49999
1766479761.947333697 0 0 1.5 0 0 1.49999
1766479761.947643897 0 0 1.5 0 0 1.49999
1766479761.951543628 0 0 1.5 0 0 1.49999
1766479761.963632329 0 0 1.5 0 0 1.49999
1766479761.981831499 0 0 1.5 0 0 1.49999
1766479761.990687850 0 0 1.5 0 0 1.49999
1766479762.000217657 0 0 1.5 0 0 1.49999
1766479762.001665679 0 0 1.5 0 0 1.49999
1766479762.001881596 0 0 1.5 0 0 1.49999
1766479762.002036606 0 0 1.5 0 0 1.49999
1766479762.002163241 0 0 1.5 0 0 1.49999
1766479762.011084906 0 0 1.5 0 0 1.49999
1766479762.021190046 0 0 1.5 0 0 1.49999
1766479762.040178999 0 0 1.5 0 0 1.49999
1766479762.055305248 0 0 1.5 0 0 1.49999
1766479762.060002724 0 0 1.5 0 0 1.49999
1766479762.066540220 0 0 1.5 0 0 1.49999
1766479762.066764130 0 0 1.5 0 0 1.49999
1766479762.066893123 0 0 1.5 0 0 1.49999
1766479762.067012694 0 0 1.5 0 0 1.49999
1766479762.070765813 0 0 1.5 0 0 1.49999
1766479762.080894244 0 0 1.5 0 0 1.49999
1766479762.100505366 0 0 1.5 0 0 1.49999
1766479762.109671609 0 0 1.5 0 0 1.49999
1766479762.120743717 0 0 1.5 0 0 1.49999
1766479762.129129124 0 0 1.5 0 0 1.49999
1766479762.129424898 0 0 1.5 0 0 1.49999
1766479762.129723871 0 0 1.5 0 0 1.49999
1766479762.130010857 0 0 1.5 0 0 1.49999
1766479762.132849056 0 0 1.5 0 0 1.49999
1766479762.141286656 0 0 1.5 0 0 1.49999
1766479762.160283818 0 0 1.5 0 0 1.49999
1766479762.170663394 0 0 1.5 0 0 1.49999
1766479762.179736598 0 0 1.5 0 0 1.49999
1766479762.182295483 0 0 1.5 0 0 1.49999
1766479762.182528076 0 0 1.5 0 0 1.49999
1766479762.182657162 0 0 1.5 0 0 1.49999
1766479762.182837958 0 0 1.5 0 0 1.49999
1766479762.193069925 0 0 1.5 0 0 1.49999
1766479762.200109813 0 0 1.5 0 0 1.5
1766479762.220017533 0 0 1.5 0 0 1.5
1766479762.231590786 0 0 1.5 0 0 1.5
1766479762.251043452 0 0 1.5 0 0 1.5
1766479762.251480952 0 0 1.5 0 0 1.5
1766479762.251670697 0 0 1.5 0 0 1.5
1766479762.254512114 0 0 1.5 0 0 1.5
1766479762.254826522 0 0 1.5 0 0 1.5
1766479762.254978735 0 0 1.5 0 0 1.5
1766479762.280183887 0 0 1.5 0 0 1.5
1766479762.280493293 0 0 1.5 0 0 1.5
1766479762.291639098 0 0 1.5 0 0 1.5
1766479762.299233595 0 0 1.5 0 0 1.5
1766479762.299882224 0 0 1.5 0 0 1.5
1766479762.300126297 0 0 1.5 0 0 1.5
1766479762.300316000 0 0 1.5 0 0 1.5
1766479762.303382663 0 0 1.5 0 0 1.5
1766479762.311115215 0 0 1.5 0 0 1.5
1766479762.321088161 0 0 1.5 0 0 1.5
1766479762.332269099 0 0 1.5 0 0 1.5
1766479762.341064346 0 0 1.5 0 0 1.5
1766479762.350547886 0 0 1.5 0 0 1.5
1766479762.354419592 0 0 1.5 0 0 1.5
1766479762.355046858 0 0 1.5 0 0 1.5
1766479762.355291817 0 0 1.5 0 0 1.5
1766479762.358119372 0 0 1.5 0 0 1.5
1766479762.363802612 0 0 1.5 0 0 1.5
1766479762.371022509 0 0 1.5 0 0 1.5
1766479762.381421415 0 0 1.5 0 0 1.5
1766479762.393719637 0 0 1.5 0 0 1.5
1766479762.399942559 0 0 1.5 0 0 1.5
1766479762.411213512 0 0 1.5 0 0 1.5
1766479762.419361797 0 0 1.5 0 0 1.5
1766479762.419667384 0 0 1.5 0 0 1.5
1766479762.419861742 0 0 1.5 0 0 1.5
1766479762.420013875 0 0 1.5 0 0 1.5
1766479762.420634627 0 0 1.5 0 0 1.5
1766479762.431709090 0 0 1.5 0 0 1.5
1766479762.439964179 0 0 1.5 0 0 1.5
1766479762.449865315 0 0 1.5 0 0 1.5
1766479762.460659499 0 0 1.5 0 0 1.5
1766479762.470816021 0 0 1.5 0 0 1.5
1766479762.479752613 0 0 1.5 0 0 1.5
1766479762.480259526 0 0 1.5 0 0 1.5
1766479762.480492820 0 0 1.5 0 0 1.5
1766479762.480846884 0 0 1.5 0 0 1.5
1766479762.483907144 0 0 1.5 0 0 1.5
1766479762.491091998 0 0 1.5 0 0 1.5
1766479762.510202816 0 0 1.5 0 0 1.5
1766479762.520264805 0 0 1.5 0 0 1.5
1766479762.532791256 0 0 1.5 0 0 1.5
1766479762.535351886 0 0 1.5 0 0 1.5
1766479762.535660547 0 0 1.5 0 0 1.5
1766479762.535825327 0 0 1.5 0 0 1.5
1766479762.535994831 0 0 1.5 0 0 1.5
1766479762.539922685 0 0 1.5 0 0 1.5
1766479762.550784546 0 0 1.5 0 0 1.5
1766479762.551658222 0 0 1.5 0 0 1.5
1766479762.570044500 0 0 1.5 0 0 1.5
1766479762.580966025 0 0 1.5 0 0 1.5
1766479762.589385188 0 0 1.5 0 0 1.5
1766479762.594386417 0 0 1.5 0 0 1.5
1766479762.594675369 0 0 1.5 0 0 1.5
1766479762.597153905 0 0 1.5 0 0 1.5
1766479762.597438043 0 0 1.5 0 0 1.5
1766479762.601188955 0 0 1.5 0 0 1.5
1766479762.609705623 0 0 1.5 0 0 1.5
1766479762.610070229 0 0 1.5 0 0 1.5
1766479762.631622309 0 0 1.5 0 0 1.5
1766479762.641655521 0 0 1.5 0 0 1.5
1766479762.650781038 0 0 1.5 0 0 1.5
1766479762.653880161 0 0 1.5 0 0 1.5
1766479762.654225004 0 0 1.5 0 0 1.5
1766479762.654449745 0 0 1.5 0 0 1.5
1766479762.654663994 0 0 1.5 0 0 1.5
1766479762.661158211 0 0 1.5 0 0 1.5
1766479762.672495791 0 0 1.5 0 0 1.5
1766479762.691208257 0 0 1.5 0 0 1.5
1766479762.699450252 0 0 1.5 0 0 1.5
1766479762.710282739 0 0 1.5 0 0 1.5
1766479762.720581443 0 0 1.5 0 0 1.5
1766479762.721158159 0 0 1.5 0 0 1.5
1766479762.721718330 0 0 1.5 0 0 1.5
1766479762.726270117 0 0 1.5 0 0 1.5
1766479762.726987945 0 0 1.5 0 0 1.5
1766479762.732803297 0 0 1.5 0 0 1.5
1766479762.751401950 0 0 1.5 0 0 1.5
1766479762.760891759 0 0 1.5 0 0 1.5
1766479762.770940235 0 0 1.5 0 0 1.5
1766479762.774773613 0 0 1.5 0 0 1.5
1766479762.775088075 0 0 1.5 0 0 1.5
1766479762.775271021 0 0 1.5 0 0 1.5
1766479762.775431060 0 0 1.5 0 0 1.5
1766479762.781884037 0 0 1.5 0 0 1.5
1766479762.791562327 0 0 1.5 0 0 1.5
1766479762.812123217 0 0 1.5 0 0 1.5
1766479762.819470426 0 0 1.5 0 0 1.5
1766479762.830335198 0 0 1.5 0 0 1.5
1766479762.835638564 0 0 1.5 0 0 1.5
1766479762.836336325 0 0 1.5 0 0 1.5
1766479762.836591577 0 0 1.5 0 0 1.5
1766479762.836742735 0 0 1.5 0 0 1.5
1766479762.841875951 0 0 1.5 0 0 1.5
1766479762.850261720 0 0 1.5 0 0 1.5
1766479762.860133380 0 0 1.5 0 0 1.5
1766479762.870732964 0 0 1.5 0 0 1.5
1766479762.880132568 0 0 1.5 0 0 1.5
1766479762.890769566 0 0 1.5 0 0 1.5
1766479762.894866244 0 0 1.5 0 0 1.5
1766479762.895181283 0 0 1.5 0 0 1.5
1766479762.895387774 0 0 1.5 0 0 1.5
1766479762.895593597 0 0 1.5 0 0 1.5
1766479762.899949019 0 0 1.5 0 0 1.5
1766479762.910689566 0 0 1.5 0 0 1.5
1766479762.919814978 0 0 1.5 0 0 1.5
1766479762.930124597 0 0 1.5 0 0 1.5
1766479762.939795578 0 0 1.5 0 0 1.5
1766479762.951178862 0 0 1.5 0 0 1.5
1766479762.955071482 0 0 1.5 0 0 1.5
1766479762.955406649 0 0 1.5 0 0 1.5
1766479762.955611429 0 0 1.5 0 0 1.5
1766479762.955786760 0 0 1.5 0 0 1.5
1766479762.960419701 0 0 1.5 0 0 1.5
1766479762.977637429 0 0 1.5 0 0 1.5
1766479762.982467643 0 0 1.5 0 0 1.5
1766479762.991210054 0 0 1.5 0 0 1.5
1766479763.000870545 0 0 1.5 0 0 1.5
1766479763.035934971 0 0 1.5 0 0 1.5
1766479763.036305451 0 0 1.5 0 0 1.5
1766479763.036512004 0 0 1.5 0 0 1.5
1766479763.036682132 0 0 1.5 0 0 1.5
1766479763.036843242 0 0 1.5 0 0 1.5
1766479763.037197546 0 0 1.5 0 0 1.5
1766479763.037537051 0 0 1.5 0 0 1.5
1766479763.040234565 0 0 1.5 0 0 1.5
1766479763.051413983 0 0 1.5 0 0 1.5
1766479763.061385197 0 0 1.5 0 0 1.5
1766479763.071085954 0 0 1.5 0 0 1.5
1766479763.075129542 0 0 1.5 0 0 1.5
1766479763.075300650 0 0 1.5 0 0 1.5
1766479763.075454022 0 0 1.5 0 0 1.5
1766479763.075570617 0 0 1.5 0 0 1.5
1766479763.080031567 0 0 1.5 0 0 1.5
1766479763.090507199 0 0 1.5 0 0 1.5
1766479763.100164244 0 0 1.5 0 0 1.5
1766479763.110581584 0 0 1.5 0 0 1.5
1766479763.119734411 0 0 1.5 0 0 1.5
1766479763.131160460 0 0 1.5 0 0 1.5
1766479763.135868192 0 0 1.5 0 0 1.5
1766479763.136133017 0 0 1.5 0 0 1.5
1766479763.136325773 0 0 1.5 0 0 1.5
1766479763.136509337 0 0 1.5 0 0 1.5
1766479763.142080208 0 0 1.5 0 0 1.5
1766479763.150495227 0 0 1.5 0 0 1.5
1766479763.161005549 0 0 1.5 0 0 1.5
1766479763.170277351 0 0 1.5 0 0 1.5
1766479763.180391473 0 0 1.5 0 0 1.5
1766479763.190201717 0 0 1.5 0 0 1.5
1766479763.199335842 0 0 1.5 0 0 1.5
1766479763.199715687 0 0 1.5 0 0 1.5
1766479763.200366796 0 0 1.5 0 0 1.5
1766479763.200575814 0 0 1.5 0 0 1.5
1766479763.201663728 0 0 1.5 0 0 1.5
1766479763.210197971 0 0 1.5 0 0 1.5
1766479763.219680290 0 0 1.5 0 0 1.5
1766479763.231004069 0 0 1.5 0 0 1.5
1766479763.240369798 0 0 1.5 0 0 1.5
1766479763.253430909 0 0 1.5 0 0 1.5
1766479763.255772043 0 0 1.5 0 0 1.5
1766479763.256084818 0 0 1.5 0 0 1.5
1766479763.256306483 0 0 1.5 0 0 1.5
1766479763.256516001 0 0 1.5 0 0 1.5
1766479763.261702629 0 0 1.5 0 0 1.5
1766479763.270315141 0 0 1.5 0 0 1.5
1766479763.280686415 0 0 1.5 0 0 1.5
1766479763.291193106 0 0 1.5 0 0 1.5
1766479763.299633958 0 0 1.5 0 0 1.5
1766479763.315765389 0 0 1.5 0 0 1.5
1766479763.316202123 0 0 1.5 0 0 1.5
1766479763.316584459 0 0 1.5 0 0 1.5
1766479763.317964966 0 0 1.5 0 0 1.5
1766479763.320207558 0 0 1.5 0 0 1.5
1766479763.330680699 0 0 1.5 0 0 1.5
1766479763.343768193 0 0 1.5 0 0 1.5
1766479763.350773114 0 0 1.5 0 0 1.5
1766479763.360295275 0 0 1.5 0 0 1.5
1766479763.367194590 0 0 1.5 0 0 1.5
1766479763.368730249 0 0 1.5 0 0 1.5
1766479763.369590148 0 0 1.5 0 0 1.5
1766479763.370004716 0 0 1.5 0 0 1.5
1766479763.371305064 0 0 1.5 0 0 1.5
1766479763.397184424 0 0 1.5 0 0 1.5
1766479763.397494487 0 0 1.5 0 0 1.5
1766479763.397747855 0 0 1.5 0 0 1.5
1766479763.410761695 0 0 1.5 0 0 1.5
1766479763.419856341 0 0 1.5 0 0 1.5
1766479763.430507331 0 0 1.5 0 0 1.5
1766479763.439415174 0 0 1.5 0 0 1.5
1766479763.439549357 0 0 1.5 0 0 1.5
1766479763.439622390 0 0 1.5 0 0 1.5
1766479763.439698376 0 0 1.5 0 0 1.5
1766479763.439815675 0 0 1.5 0 0 1.5
1766479763.441606210 0 0 1.5 0 0 1.5
1766479763.453917257 0 0 1.5 0 0 1.5
1766479763.469957452 0 0 1.5 0 0 1.5
1766479763.480371459 0 0 1.5 0 0 1.5
1766479763.494601464 0 0 1.5 0 0 1.5
1766479763.499505442 0 0 1.5 0 0 1.5
1766479763.500059691 0 0 1.5 0 0 1.5
1766479763.500354291 0 0 1.5 0 0 1.5
1766479763.500549106 0 0 1.5 0 0 1.5
1766479763.502416715 0 0 1.5 0 0 1.5
1766479763.512266292 0 0 1.5 0 0 1.5
1766479763.530516567 0 0 1.5 0 0 1.5
1766479763.541431845 0 0 1.5 0 0 1.5
1766479763.556778639 0 0 1.5 0 0 1.5
1766479763.557144564 0 0 1.5 0 0 1.5
1766479763.557445615 0 0 1.5 0 0 1.5
1766479763.557785762 0 0 1.5 0 0 1.5
1766479763.558041910 0 0 1.5 0 0 1.5
1766479763.562572956 0 0 1.5 0 0 1.5
1766479763.571700920 0 0 1.5 0 0 1.5
1766479763.589768852 0 0 1.5 0 0 1.5
1766479763.599484616 0 0 1.5 0 0 1.5
1766479763.611793668 0 0 1.5 0 0 1.5
1766479763.614890064 0 0 1.5 0 0 1.5
1766479763.615212426 0 0 1.5 0 0 1.5
1766479763.615545545 0 0 1.5 0 0 1.5
1766479763.615834174 0 0 1.5 0 0 1.5
1766479763.621109799 0 0 1.5 0 0 1.5
1766479763.633588678 0 0 1.5 0 0 1.5
1766479763.650153677 0 0 1.5 0 0 1.5
1766479763.660626819 0 0 1.5 0 0 1.5
1766479763.670848943 0 0 1.5 0 0 1.5
1766479763.692807270 0 0 1.5 0 0 1.5
1766479763.693958933 0 0 1.5 0 0 1.5
1766479763.694219424 0 0 1.5 0 0 1.5
1766479763.694395070 0 0 1.5 0 0 1.5
1766479763.694809263 0 0 1.5 0 0 1.5
1766479763.696678137 0 0 1.5 0 0 1.5
1766479763.696999772 0 0 1.5 0 0 1.5
1766479763.713330622 0 0 1.5 0 0 1.5
1766479763.720876169 0 0 1.5 0 0 1.5
1766479763.729742754 0 0 1.5 0 0 1.5
1766479763.738724482 0 0 1.5 0 0 1.5
1766479763.739381453 0 0 1.5 0 0 1.5
1766479763.739585043 0 0 1.5 0 0 1.5
1766479763.739962519 0 0 1.5 0 0 1.5
1766479763.740911112 0 0 1.5 0 0 1.5
1766479763.765442434 0 0 1.5 0 0 1.5
1766479763.770286508 0 0 1.5 0 0 1.5
1766479763.781147890 0 0 1.5 0 0 1.5
1766479763.791901281 0 0 1.5 0 0 1.5
1766479763.801886500 0 0 1.5 0 0 1.5
1766479763.802273882 0 0 1.5 0 0 1.5
1766479763.802540588 0 0 1.5 0 0 1.5
1766479763.802769743 0 0 1.5 0 0 1.5
1766479763.802970969 0 0 1.5 0 0 1.5
1766479763.803144627 0 0 1.5 0 0 1.5
1766479763.815968775 0 0 1.5 0 0 1.5
1766479763.830583990 0 0 1.5 0 0 1.5
1766479763.839848522 0 0 1.5 0 0 1.5
1766479763.851065947 0 0 1.5 0 0 1.5
1766479763.855447619 0 0 1.5 0 0 1.5
1766479763.861435939 0 0 1.5 0 0 1.5
1766479763.861744009 0 0 1.5 0 0 1.5
1766479763.861932332 0 0 1.5 0 0 1.5
1766479763.862155679 0 0 1.5 0 0 1.5
1766479763.871613159 0 0 1.5 0 0 1.5
1766479763.891419076 0 0 1.5 0 0 1.5
1766479763.899600850 0 0 1.5 0 0 1.5
1766479763.909969890 0 0 1.5 0 0 1.5
1766479763.916026875 0 0 1.5 0 0 1.5
1766479763.916396040 0 0 1.5 0 0 1.5
1766479763.916549006 0 0 1.5 0 0 1.5
1766479763.916805355 0 0 1.5 0 0 1.5
1766479763.920859982 0 0 1.5 0 0 1.5
1766479763.932863286 0 0 1.5 0 0 1.5
1766479763.950552570 0 0 1.5 0 0 1.5
1766479763.959880589 0 0 1.5 0 0 1.5
1766479763.970368230 0 0 1.5 0 0 1.5
1766479763.975151814 0 0 1.5 0 0 1.5
1766479763.976118463 0 0 1.5 0 0 1.5
1766479763.976315807 0 0 1.5 0 0 1.5
1766479763.976513120 0 0 1.5 0 0 1.5
1766479763.981875528 0 0 1.5 0 0 1.5
1766479763.993528168 0 0 1.5 0 0 1.5
1766479764.009693274 0 0 1.5 0 0 1.5
1766479764.025935136 0 0 1.5 0 0 1.5
1766479764.030036213 0 0 1.5 0 0 1.5
1766479764.053935870 0 0 1.5 0 0 1.5
1766479764.054153976 0 0 1.5 0 0 1.5
1766479764.054278324 0 0 1.5 0 0 1.5
1766479764.054399147 0 0 1.5 0 0 1.5
1766479764.054523688 0 0 1.5 0 0 1.5
1766479764.057704617 0 0 1.5 0 0 1.5
1766479764.058375165 0 0 1.5 0 0 1.5
1766479764.069546555 0 0 1.5 0 0 1.5
1766479764.080177423 0 0 1.5 0 0 1.5
1766479764.091291373 0 0 1.5 0 0 1.5
1766479764.101733686 0 0 1.5 0 0 1.5
1766479764.103189781 0 0 1.5 0 0 1.5
1766479764.103423330 0 0 1.5 0 0 1.5
1766479764.103566947 0 0 1.5 0 0 1.5
1766479764.103753275 0 0 1.5 0 0 1.5
1766479764.111300641 0 0 1.5 0 0 1.5
1766479764.129763534 0 0 1.5 0 0 1.5
1766479764.140402628 0 0 1.5 0 0 1.5
1766479764.149607046 0 0 1.5 0 0 1.5
1766479764.155128190 0 0 1.5 0 0 1.5
1766479764.155401395 0 0 1.5 0 0 1.5
1766479764.155590043 0 0 1.5 0 0 1.5
1766479764.155898144 0 0 1.5 0 0 1.5
1766479764.161738175 0 0 1.5 0 0 1.5
1766479764.175866727 0 0 1.5 0 0 1.5
1766479764.180565919 0 0 1.5 0 0 1.5
1766479764.191360833 0 0 1.5 0 0 1.5
1766479764.200487389 0 0 1.5 0 0 1.5
1766479764.216302019 0 0 1.5 0 0 1.5
1766479764.216766758 0 0 1.5 0 0 1.5
1766479764.217148380 0 0 1.5 0 0 1.5
1766479764.217401728 0 0 1.5 0 0 1.5
1766479764.218063753 0 0 1.5 0 0 1.5
1766479764.225235447 0 0 1.5 0 0 1.5
1766479764.230221286 0 0 1.5 0 0 1.5
1766479764.239808857 0 0 1.5 0 0 1.5
1766479764.250117924 0 0 1.5 0 0 1.5
1766479764.261502150 0 0 1.5 0 0 1.5
1766479764.270736576 0 0 1.5 0 0 1.5
1766479764.278929878 0 0 1.5 0 0 1.5
1766479764.279209417 0 0 1.5 0 0 1.5
1766479764.279368306 0 0 1.5 0 0 1.5
1766479764.279508040 0 0 1.5 0 0 1.5
1766479764.282691022 0 0 1.5 0 0 1.5
1766479764.291934702 0 0 1.5 0 0 1.5
1766479764.302730703 0 0 1.5 0 0 1.5
1766479764.309328867 0 0 1.5 0 0 1.5
1766479764.320702414 0 0 1.5 0 0 1.5
1766479764.330630426 0 0 1.5 0 0 1.5
1766479764.334020041 0 0 1.5 0 0 1.5
1766479764.335342417 0 0 1.5 0 0 1.5
1766479764.335712607 0 0 1.5 0 0 1.5
1766479764.335941186 0 0 1.5 0 0 1.5
1766479764.340583383 0 0 1.5 0 0 1.5
1766479764.351420099 0 0 1.5 0 0 1.5
1766479764.360284655 0 0 1.5 0 0 1.5
1766479764.370071955 0 0 1.5 0 0 1.5
1766479764.379899057 0 0 1.5 0 0 1.5
1766479764.391798141 0 0 1.5 0 0 1.5
1766479764.395058330 0 0 1.5 0 0 1.5
1766479764.395308770 0 0 1.5 0 0 1.5
1766479764.395525475 0 0 1.5 0 0 1.5
1766479764.395795148 0 0 1.5 0 0 1.5
1766479764.400635567 0 0 1.5 0 0 1.5
1766479764.410818122 0 0 1.5 0 0 1.5
1766479764.420637448 0 0 1.5 0 0 1.5
1766479764.430994464 0 0 1.5 0 0 1.5
1766479764.441223923 0 0 1.5 0 0 1.5
1766479764.451413076 0 0 1.5 0 0 1.5
1766479764.454263718 0 0 1.5 0 0 1.5
1766479764.454975209 0 0 1.5 0 0 1.5
1766479764.455286527 0 0 1.5 0 0 1.5
1766479764.455528694 0 0 1.5 0 0 1.5
1766479764.462803062 0 0 1.5 0 0 1.5
1766479764.471215086 0 0 1.5 0 0 1.5
1766479764.479739019 0 0 1.5 0 0 1.5
1766479764.490215036 0 0 1.5 0 0 1.5
1766479764.500213372 0 0 1.5 0 0 1.5
1766479764.509439159 0 0 1.5 0 0 1.5
1766479764.515090031 0 0 1.5 0 0 1.5
1766479764.515512374 0 0 1.5 0 0 1.5
1766479764.515896248 0 0 1.5 0 0 1.5
1766479764.516205764 0 0 1.5 0 0 1.5
1766479764.520585247 0 0 1.5 0 0 1.5
1766479764.531570856 0 0 1.5 0 0 1.5
1766479764.552568293 0 0 1.5 0 0 1.5
1766479764.561288632 0 0 1.5 0 0 1.5
1766479764.569743065 0 0 1.5 0 0 1.5
1766479764.574604017 0 0 1.5 0 0 1.5
1766479764.574955890 0 0 1.5 0 0 1.5
1766479764.575880142 0 0 1.5 0 0 1.5
1766479764.576116098 0 0 1.5 0 0 1.5
1766479764.581589499 0 0 1.5 0 0 1.5
1766479764.591568675 0 0 1.5 0 0 1.5
1766479764.600051026 0 0 1.5 0 0 1.5
1766479764.610144718 0 0 1.5 0 0 1.5
1766479764.619529753 0 0 1.5 0 0 1.5
1766479764.634935909 0 0 1.5 0 0 1.5
1766479764.635517686 0 0 1.5 0 0 1.5
1766479764.636071341 0 0 1.5 0 0 1.5
1766479764.636519144 0 0 1.5 0 0 1.5
1766479764.636958573 0 0 1.5 0 0 1.5
1766479764.640853052 0 0 1.5 0 0 1.5
1766479764.651661897 0 0 1.5 0 0 1.5
1766479764.660783332 0 0 1.5 0 0 1.5
1766479764.670403242 0 0 1.5 0 0 1.5
1766479764.680326481 0 0 1.5 0 0 1.5
1766479764.690536538 0 0 1.5 0 0 1.5
1766479764.695833463 0 0 1.5 0 0 1.5
1766479764.697862821 0 0 1.5 0 0 1.5
1766479764.698456010 0 0 1.5 0 0 1.5
1766479764.699410334 0 0 1.5 0 0 1.5
1766479764.702064301 0 0 1.5 0 0 1.5
1766479764.716761078 0 0 1.5 0 0 1.5
1766479764.731126979 0 0 1.5 0 0 1.5
1766479764.740197388 0 0 1.5 0 0 1.5
1766479764.751380275 0 0 1.5 0 0 1.5
1766479764.756660150 0 0 1.5 0 0 1.5
1766479764.757286663 0 0 1.5 0 0 1.5
1766479764.758759828 0 0 1.5 0 0 1.5
1766479764.759261407 0 0 1.5 0 0 1.5
1766479764.762000204 0 0 1.5 0 0 1.5
1766479764.771861028 0 0 1.5 0 0 1.5
1766479764.790432753 0 0 1.5 0 0 1.5
1766479764.799424318 0 0 1.5 0 0 1.5
1766479764.811497143 0 0 1.5 0 0 1.5
1766479764.816523970 0 0 1.5 0 0 1.5
1766479764.816990415 0 0 1.5 0 0 1.5
1766479764.817405153 0 0 1.5 0 0 1.5
1766479764.817650180 0 0 1.5 0 0 1.5
1766479764.820322457 0 0 1.5 0 0 1.5
1766479764.831540297 0 0 1.5 0 0 1.5
1766479764.851660214 0 0 1.5 0 0 1.5
1766479764.861679670 0 0 1.5 0 0 1.5
1766479764.871085107 0 0 1.5 0 0 1.5
1766479764.883358969 0 0 1.5 0 0 1.5
1766479764.883829182 0 0 1.5 0 0 1.5
1766479764.884340694 0 0 1.5 0 0 1.5
1766479764.884983795 0 0 1.5 0 0 1.5
1766479764.885380168 0 0 1.5 0 0 1.5
1766479764.891505302 0 0 1.5 0 0 1.5
1766479764.892553225 0 0 1.5 0 0 1.5
1766479764.910816173 0 0 1.5 0 0 1.5
1766479764.920148705 0 0 1.5 0 0 1.5
1766479764.930929059 0 0 1.5 0 0 1.5
1766479764.938141025 0 0 1.5 0 0 1.5
1766479764.938600420 0 0 1.5 0 0 1.5
1766479764.938907777 0 0 1.5 0 0 1.5
1766479764.939205518 0 0 1.5 0 0 1.5
1766479764.941479985 0 0 1.5 0 0 1.5
1766479764.951288246 0 0 1.5 0 0 1.5
1766479764.970693647 0 0 1.5 0 0 1.5
1766479764.979571663 0 0 1.5 0 0 1.5
1766479764.992456802 0 0 1.5 0 0 1.5
1766479764.993977763 0 0 1.5 0 0 1.5
1766479764.994390147 0 0 1.5 0 0 1.5
1766479764.994815840 0 0 1.5 0 0 1.5
1766479764.995052449 0 0 1.5 0 0 1.5
1766479765.001084729 0 0 1.5 0 0 1.5
1766479765.011418526 0 0 1.5 0 0 1.5
1766479765.041599871 0 0 1.5 0 0 1.5
1766479765.043356806 0 0 1.5 0 0 1.5
1766479765.057089085 0 0 1.5 0 0 1.5
1766479765.057646373 0 0 1.5 0 0 1.5
1766479765.058008337 0 0 1.5 0 0 1.5
1766479765.058341218 0 0 1.5 0 0 1.5
1766479765.058901685 0 0 1.5 0 0 1.5
1766479765.061048251 0 0 1.5 0 0 1.5
1766479765.070527473 0 0 1.5 0 0 1.5
1766479765.090446984 0 0 1.5 0 0 1.5
1766479765.100039340 0 0 1.5 0 0 1.5
1766479765.110468943 0 0 1.5 0 0 1.5
1766479765.115491814 0 0 1.5 0 0 1.5
1766479765.116011555 0 0 1.5 0 0 1.5
1766479765.116372353 0 0 1.5 0 0 1.5
1766479765.116665740 0 0 1.5 0 0 1.5
1766479765.121210800 0 0 1.5 0 0 1.5
1766479765.132481249 0 0 1.5 0 0 1.5
1766479765.153581193 0 0 1.5 0 0 1.5
1766479765.160604475 0 0 1.5 0 0 1.5
1766479765.170409290 0 0 1.5 0 0 1.5
1766479765.175303826 0 0 1.5 0 0 1.5
1766479765.175843861 0 0 1.5 0 0 1.5
1766479765.176179759 0 0 1.5 0 0 1.5
1766479765.176967665 0 0 1.5 0 0 1.5
1766479765.182029175 0 0 1.5 0 0 1.5
1766479765.191559759 0 0 1.5 0 0 1.5
1766479765.192171808 0 0 1.5 0 0 1.5
1766479765.212637830 0 0 1.5 0 0 1.5
1766479765.221587765 0 0 1.5 0 0 1.5
1766479765.230430768 0 0 1.5 0 0 1.5
1766479765.243373145 0 0 1.5 0 0 1.5
1766479765.243819059 0 0 1.5 0 0 1.5
1766479765.244421715 0 0 1.5 0 0 1.5
1766479765.244853269 0 0 1.5 0 0 1.5
1766479765.245337344 0 0 1.5 0 0 1.5
1766479765.258912156 0 0 1.5 0 0 1.5
1766479765.259711882 0 0 1.5 0 0 1.5
1766479765.269548110 0 0 1.5 0 0 1.5
1766479765.280314470 0 0 1.5 0 0 1.5
1766479765.290185157 0 0 1.5 0 0 1.5
1766479765.294550602 0 0 1.5 0 0 1.5
1766479765.294843794 0 0 1.5 0 0 1.5
1766479765.295090902 0 0 1.5 0 0 1.5
1766479765.295449474 0 0 1.5 0 0 1.5
1766479765.303329355 0 0 1.5 0 0 1.5
1766479765.310111315 0 0 1.5 0 0 1.5
1766479765.330332527 0 0 1.5 0 0 1.5
1766479765.342350624 0 0 1.5 0 0 1.5
1766479765.350928321 0 0 1.5 0 0 1.5
1766479765.355960002 0 0 1.5 0 0 1.5
1766479765.356367832 0 0 1.5 0 0 1.5
1766479765.356667918 0 0 1.5 0 0 1.5
1766479765.356974126 0 0 1.5 0 0 1.5
1766479765.362911298 0 0 1.5 0 0 1.5
1766479765.372436585 0 0 1.5 0 0 1.5
1766479765.392598611 0 0 1.5 0 0 1.5
1766479765.400107072 0 0 1.5 0 0 1.5
1766479765.410367738 0 0 1.5 0 0 1.5
1766479765.416636809 0 0 1.5 0 0 1.5
1766479765.416995304 0 0 1.5 0 0 1.5
1766479765.417315619 0 0 1.5 0 0 1.5
1766479765.417510771 0 0 1.5 0 0 1.5
1766479765.426767097 0 0 1.5 0 0 1.5
1766479765.432363553 0 0 1.5 0 0 1.5
1766479765.449915946 0 0 1.5 0 0 1.5
1766479765.462217500 0 0 1.5 0 0 1.5
1766479765.471710982 0 0 1.5 0 0 1.5
1766479765.474446094 0 0 1.5 0 0 1.5
1766479765.474615557 0 0 1.5 0 0 1.5
1766479765.474811964 0 0 1.5 0 0 1.5
1766479765.475020105 0 0 1.5 0 0 1.5
1766479765.480649674 0 0 1.5 0 0 1.5
1766479765.490659798 0 0 1.5 0 0 1.5
1766479765.500502923 0 0 1.5 0 0 1.5
1766479765.511406184 0 0 1.5 0 0 1.5
1766479765.519636112 0 0 1.5 0 0 1.5
1766479765.530757069 0 0 1.5 0 0 1.5
1766479765.535299723 0 0 1.5 0 0 1.5
1766479765.535584532 0 0 1.5 0 0 1.5
1766479765.535767727 0 0 1.5 0 0 1.5
1766479765.535933542 0 0 1.5 0 0 1.5
1766479765.540148198 0 0 1.5 0 0 1.5
1766479765.552444877 0 0 1.5 0 0 1.5
1766479765.560917784 0 0 1.5 0 0 1.5
1766479765.571428631 0 0 1.5 0 0 1.5
1766479765.580094298 0 0 1.5 0 0 1.5
1766479765.590487509 0 0 1.5 0 0 1.5
1766479765.598324015 0 0 1.5 0 0 1.5
1766479765.598597125 0 0 1.5 0 0 1.5
1766479765.598752016 0 0 1.5 0 0 1.5
1766479765.598914999 0 0 1.5 0 0 1.5
1766479765.601300055 0 0 1.5 0 0 1.5
1766479765.610710361 0 0 1.5 0 0 1.5
1766479765.619444953 0 0 1.5 0 0 1.5
1766479765.629643045 0 0 1.5 0 0 1.5
1766479765.639811450 0 0 1.5 0 0 1.5
1766479765.649736679 0 0 1.5 0 0 1.5
1766479765.655229017 0 0 1.5 0 0 1.5
1766479765.655526375 0 0 1.5 0 0 1.5
1766479765.655916942 0 0 1.5 0 0 1.5
1766479765.656367231 0 0 1.5 0 0 1.5
1766479765.659694747 0 0 1.5 0 0 1.5
1766479765.671501088 0 0 1.5 0 0 1.5
1766479765.680197735 0 0 1.5 0 0 1.5
1766479765.689646658 0 0 1.5 0 0 1.5
1766479765.701271948 0 0 1.5 0 0 1.5
1766479765.713539822 0 0 1.5 0 0 1.5
1766479765.714347017 0 0 1.5 0 0 1.5
1766479765.714586668 0 0 1.5 0 0 1.5
1766479765.714863031 0 0 1.5 0 0 1.5
1766479765.715079455 0 0 1.5 0 0 1.5
1766479765.721222579 0 0 1.5 0 0 1.5
1766479765.730901360 0 0 1.5 0 0 1.5
1766479765.740815490 0 0 1.5 0 0 1.5
1766479765.750680208 0 0 1.5 0 0 1.5
1766479765.760195859 0 0 1.5 0 0 1.5
1766479765.769702215 0 0 1.5 0 0 1.5
1766479765.774559658 0 0 1.5 0 0 1.5
1766479765.775078697 0 0 1.5 0 0 1.5
1766479765.775233894 0 0 1.5 0 0 1.5
1766479765.775363167 0 0 1.5 0 0 1.5
1766479765.779963019 0 0 1.5 0 0 1.5
1766479765.791039770 0 0 1.5 0 0 1.5
1766479765.802671551 0 0 1.5 0 0 1.5
1766479765.809701186 0 0 1.5 0 0 1.5
1766479765.820051730 0 0 1.5 0 0 1.5
1766479765.831492071 0 0 1.5 0 0 1.5
1766479765.834988029 0 0 1.5 0 0 1.5
1766479765.835314667 0 0 1.5 0 0 1.5
1766479765.835559940 0 0 1.5 0 0 1.5
1766479765.835769665 0 0 1.5 0 0 1.5
1766479765.840412502 0 0 1.5 0 0 1.5
1766479765.850732405 0 0 1.5 0 0 1.5
1766479765.861031782 0 0 1.5 0 0 1.5
1766479765.871217635 0 0 1.5 0 0 1.5
1766479765.893051648 0 0 1.5 0 0 1.5
1766479765.893312036 0 0 1.5 0 0 1.5
1766479765.895042376 0 0 1.5 0 0 1.5
1766479765.895316707 0 0 1.5 0 0 1.5
1766479765.895460611 0 0 1.5 0 0 1.5
1766479765.896151911 0 0 1.5 0 0 1.5
1766479765.901861248 0 0 1.5 0 0 1.5
1766479765.912155340 0 0 1.5 0 0 1.5
1766479765.920604831 0 0 1.5 0 0 1.5
1766479765.932783318 0 0 1.5 0 0 1.5
1766479765.940358006 0 0 1.5 0 0 1.5
1766479765.950850689 0 0 1.5 0 0 1.5
1766479765.954592400 0 0 1.5 0 0 1.5
1766479765.954881525 0 0 1.5 0 0 1.5
1766479765.955080050 0 0 1.5 0 0 1.5
1766479765.955257218 0 0 1.5 0 0 1.5
1766479765.963393679 0 0 1.5 0 0 1.5
1766479765.971685668 0 0 1.5 0 0 1.5
1766479765.980156398 0 0 1.5 0 0 1.5
1766479765.991322197 0 0 1.5 0 0 1.5
1766479765.999579539 0 0 1.5 0 0 1.5
1766479766.010495129 0 0 1.5 0 0 1.5
1766479766.014322875 0 0 1.5 0 0 1.5
1766479766.014507149 0 0 1.5 0 0 1.5
1766479766.014616916 0 0 1.5 0 0 1.5
1766479766.014920320 0 0 1.5 0 0 1.5
1766479766.022784092 0 0 1.5 0 0 1.5
1766479766.030194728 0 0 1.5 0 0 1.5
1766479766.040317801 0 0 1.5 0 0 1.5
1766479766.051850643 0 0 1.5 0 0 1.5
1766479766.060626987 0 0 1.5 0 0 1.5
1766479766.069946111 0 0 1.5 0 0 1.5
1766479766.074340096 0 0 1.5 0 0 1.5
1766479766.074594799 0 0 1.5 0 0 1.5
1766479766.074741530 0 0 1.5 0 0 1.5
1766479766.074868564 0 0 1.5 0 0 1.5
1766479766.079668864 0 0 1.5 0 0 1.5
1766479766.090196031 0 0 1.5 0 0 1.5
1766479766.100744672 0 0 1.5 0 0 1.5
1766479766.110169800 0 0 1.5 0 0 1.5
1766479766.120215035 0 0 1.5 0 0 1.5
1766479766.132438481 0 0 1.5 0 0 1.5
1766479766.134881712 0 0 1.5 0 0 1.5
1766479766.135239798 0 0 1.5 0 0 1.5
1766479766.135472596 0 0 1.5 0 0 1.5
1766479766.135751476 0 0 1.5 0 0 1.5
1766479766.139440648 0 0 1.5 0 0 1.5
1766479766.151280944 0 0 1.5 0 0 1.5
1766479766.160777128 0 0 1.5 0 0 1.5
1766479766.170593219 0 0 1.5 0 0 1.5
1766479766.180064304 0 0 1.5 0 0 1.5
1766479766.190989395 0 0 1.5 0 0 1.5
1766479766.198907003 0 0 1.5 0 0 1.5
1766479766.199285476 0 0 1.5 0 0 1.5
1766479766.199501216 0 0 1.5 0 0 1.5
1766479766.199722270 0 0 1.5 0 0 1.5
1766479766.199947055 0 0 1.5 0 0 1.5
1766479766.209946970 0 0 1.5 0 0 1.5
1766479766.220589103 0 0 1.5 0 0 1.5
1766479766.229631896 0 0 1.5 0 0 1.5
1766479766.241150118 0 0 1.5 0 0 1.5
1766479766.250982839 0 0 1.5 0 0 1.5
1766479766.254753521 0 0 1.5 0 0 1.5
1766479766.255152271 0 0 1.5 0 0 1.5
1766479766.255311055 0 0 1.5 0 0 1.5
1766479766.255414507 0 0 1.5 0 0 1.5
1766479766.261342987 0 0 1.5 0 0 1.5
1766479766.271278399 0 0 1.5 0 0 1.5
1766479766.282395557 0 0 1.5 0 0 1.5
1766479766.290944736 0 0 1.5 0 0 1.5
1766479766.300275238 0 0 1.5 0 0 1.5
1766479766.311255544 0 0 1.5 0 0 1.5
1766479766.314924933 0 0 1.5 0 0 1.5
1766479766.315124454 0 0 1.5 0 0 1.5
1766479766.315249845 0 0 1.5 0 0 1.5
1766479766.315375082 0 0 1.5 0 0 1.5
1766479766.320469081 0 0 1.5 0 0 1.5
1766479766.330847842 0 0 1.5 0 0 1.5
1766479766.340779506 0 0 1.5 0 0 1.5
1766479766.350476649 0 0 1.5 0 0 1.5
1766479766.360148602 0 0 1.5 0 0 1.5
1766479766.370384054 0 0 1.5 0 0 1.5
1766479766.373886463 0 0 1.5 0 0 1.5
1766479766.374476889 0 0 1.5 0 0 1.5
1766479766.374858816 0 0 1.5 0 0 1.5
1766479766.375126463 0 0 1.5 0 0 1.5
1766479766.383052473 0 0 1.5 0 0 1.5
1766479766.391215424 0 0 1.5 0 0 1.5
1766479766.399736873 0 0 1.5 0 0 1.5
1766479766.410851664 0 0 1.5 0 0 1.5
1766479766.420564417 0 0 1.5 0 0 1.5
1766479766.430395217 0 0 1.5 0 0 1.5
1766479766.434482102 0 0 1.5 0 0 1.5
1766479766.434920270 0 0 1.5 0 0 1.5
1766479766.435209316 0 0 1.5 0 0 1.5
1766479766.435422949 0 0 1.5 0 0 1.5
1766479766.441196499 0 0 1.5 0 0 1.5
1766479766.452073055 0 0 1.5 0 0 1.5
1766479766.462743370 0 0 1.5 0 0 1.5
1766479766.470822513 0 0 1.5 0 0 1.5
1766479766.480082088 0 0 1.5 0 0 1.5
1766479766.490112046 0 0 1.5 0 0 1.5
1766479766.494626269 0 0 1.5 0 0 1.5
1766479766.494917778 0 0 1.5 0 0 1.5
1766479766.495096955 0 0 1.5 0 0 1.5
1766479766.495225639 0 0 1.5 0 0 1.5
1766479766.500080762 0 0 1.5 0 0 1.5
1766479766.511997519 0 0 1.5 0 0 1.5
1766479766.520311974 0 0 1.5 0 0 1.5
1766479766.529986162 0 0 1.5 0 0 1.5
1766479766.540568249 0 0 1.5 0 0 1.5
1766479766.552526637 0 0 1.5 0 0 1.5
1766479766.555042042 0 0 1.5 0 0 1.5
1766479766.555301245 0 0 1.5 0 0 1.5
1766479766.555439191 0 0 1.5 0 0 1.5
1766479766.555600809 0 0 1.5 0 0 1.5
1766479766.560702273 0 0 1.5 0 0 1.5
1766479766.571253416 0 0 1.5 0 0 1.5
1766479766.580246119 0 0 1.5 0 0 1.5
1766479766.590761016 0 0 1.5 0 0 1.5
1766479766.599365427 0 0 1.5 0 0 1.5
1766479766.609802762 0 0 1.5 0 0 1.5
1766479766.618235221 0 0 1.5 0 0 1.5
1766479766.618487635 0 0 1.5 0 0 1.5
1766479766.618668277 0 0 1.5 0 0 1.5
1766479766.618849981 0 0 1.5 0 0 1.5
1766479766.621951073 0 0 1.5 0 0 1.5
1766479766.632710961 0 0 1.5 0 0 1.5
1766479766.640272951 0 0 1.5 0 0 1.5
1766479766.651157149 0 0 1.5 0 0 1.5
1766479766.660036175 0 0 1.5 0 0 1.5
1766479766.669683802 0 0 1.5 0 0 1.5
1766479766.676048847 0 0 1.5 0 0 1.5
1766479766.676428530 0 0 1.5 0 0 1.5
1766479766.676617831 0 0 1.5 0 0 1.5
1766479766.676934892 0 0 1.5 0 0 1.5
1766479766.682230349 0 0 1.5 0 0 1.5
1766479766.691041634 0 0 1.5 0 0 1.5
1766479766.700302493 0 0 1.5 0 0 1.5
1766479766.713955961 0 0 1.5 0 0 1.5
1766479766.720431173 0 0 1.5 0 0 1.5
1766479766.730894045 0 0 1.5 0 0 1.5
1766479766.735624517 0 0 1.5 0 0 1.5
1766479766.736289911 0 0 1.5 0 0 1.5
1766479766.736466316 0 0 1.5 0 0 1.5
1766479766.736585338 0 0 1.5 0 0 1.5
1766479766.742849405 0 0 1.5 0 0 1.5
1766479766.751312308 0 0 1.5 0 0 1.5
1766479766.771153945 0 0 1.5 0 0 1.5
1766479766.780297129 0 0 1.5 0 0 1.5
1766479766.790588234 0 0 1.5 0 0 1.5
1766479766.798790436 0 0 1.5 0 0 1.5
1766479766.799265205 0 0 1.5 0 0 1.5
1766479766.799503187 0 0 1.5 0 0 1.5
1766479766.799734340 0 0 1.5 0 0 1.5
1766479766.803842338 0 0 1.5 0 0 1.5
1766479766.811854335 0 0 1.5 0 0 1.5
1766479766.830774511 0 0 1.5 0 0 1.5
1766479766.842177977 0 0 1.5 0 0 1.5
1766479766.851616587 0 0 1.5 0 0 1.5
1766479766.856968689 0 0 1.5 0 0 1.5
1766479766.857552840 0 0 1.5 0 0 1.5
1766479766.857996410 0 0 1.5 0 0 1.5
1766479766.858312311 0 0 1.5 0 0 1.5
1766479766.861464280 0 0 1.5 0 0 1.5
1766479766.870623730 0 0 1.5 0 0 1.5
1766479766.870927664 0 0 1.5 0 0 1.5
1766479766.890278586 0 0 1.5 0 0 1.5
1766479766.900259442 0 0 1.5 0 0 1.5
1766479766.911895847 0 0 1.5 0 0 1.5
1766479766.919196897 0 0 1.5 0 0 1.5
1766479766.919698123 0 0 1.5 0 0 1.5
1766479766.920076476 0 0 1.5 0 0 1.5
1766479766.920348484 0 0 1.5 0 0 1.5
1766479766.923783753 0 0 1.5 0 0 1.5
1766479766.931938728 0 0 1.5 0 0 1.5
1766479766.950869027 0 0 1.5 0 0 1.5
1766479766.963571794 0 0 1.5 0 0 1.5
1766479766.971057835 0 0 1.5 0 0 1.5
1766479766.975036080 0 0 1.5 0 0 1.5
1766479766.975385425 0 0 1.5 0 0 1.5
1766479766.975693727 0 0 1.5 0 0 1.5
1766479766.976172352 0 0 1.5 0 0 1.5
1766479766.981202864 0 0 1.5 0 0 1.5
1766479766.991301192 0 0 1.5 0 0 1.5
1766479767.010551493 0 0 1.5 0 0 1.5
1766479767.020170985 0 0 1.5 0 0 1.5
1766479767.030284992 0 0 1.5 0 0 1.5
1766479767.035442430 0 0 1.5 0 0 1.5
1766479767.035718912 0 0 1.5 0 0 1.5
1766479767.035916820 0 0 1.5 0 0 1.5
1766479767.036066974 0 0 1.5 0 0 1.5
1766479767.041878614 0 0 1.5 0 0 1.5
1766479767.056183955 0 0 1.5 0 0 1.5
1766479767.066742090 0 0 1.5 0 0 1.5
1766479767.070535636 0 0 1.5 0 0 1.5
1766479767.082720345 0 0 1.5 0 0 1.5
1766479767.090150458 0 0 1.5 0 0 1.5
1766479767.094935102 0 0 1.5 0 0 1.5
1766479767.095286127 0 0 1.5 0 0 1.5
1766479767.095490733 0 0 1.5 0 0 1.5
1766479767.095688624 0 0 1.5 0 0 1.5
1766479767.101182908 0 0 1.5 0 0 1.5
1766479767.112823240 0 0 1.5 0 0 1.5
1766479767.132889222 0 0 1.5 0 0 1.5
1766479767.141239481 0 0 1.5 0 0 1.5
1766479767.149705998 0 0 1.5 0 0 1.5
1766479767.156115897 0 0 1.5 0 0 1.5
1766479767.156418483 0 0 1.5 0 0 1.5
1766479767.156709314 0 0 1.5 0 0 1.5
1766479767.156924586 0 0 1.5 0 0 1.5
1766479767.161858736 0 0 1.5 0 0 1.5
1766479767.171100793 0 0 1.5 0 0 1.5
1766479767.191423531 0 0 1.5 0 0 1.5
1766479767.200072270 0 0 1.5 0 0 1.5
1766479767.215821062 0 0 1.5 0 0 1.5
1766479767.216063798 0 0 1.5 0 0 1.5
1766479767.216254883 0 0 1.5 0 0 1.5
1766479767.216488186 0 0 1.5 0 0 1.5
1766479767.216710538 0 0 1.5 0 0 1.5
1766479767.221072886 0 0 1.5 0 0 1.5
1766479767.240281230 0 0 1.5 0 0 1.5
1766479767.250573422 0 0 1.5 0 0 1.5
1766479767.260029224 0 0 1.5 0 0 1.5
1766479767.263173484 0 0 1.5 0 0 1.5
1766479767.263571838 0 0 1.5 0 0 1.5
1766479767.263765287 0 0 1.5 0 0 1.5
1766479767.264046574 0 0 1.5 0 0 1.5
1766479767.273269961 0 0 1.5 0 0 1.5
1766479767.280478609 0 0 1.5 0 0 1.5
1766479767.303007624 0 0 1.5 0 0 1.5
1766479767.310155223 0 0 1.5 0 0 1.5
1766479767.320636139 0 0 1.5 0 0 1.5
1766479767.323351785 0 0 1.5 0 0 1.5
1766479767.323650047 0 0 1.5 0 0 1.5
1766479767.323907476 0 0 1.5 0 0 1.5
1766479767.324153003 0 0 1.5 0 0 1.5
1766479767.331208899 0 0 1.5 0 0 1.5
1766479767.341336402 0 0 1.5 0 0 1.5
1766479767.360230924 0 0 1.5 0 0 1.5
1766479767.370305330 0 0 1.5 0 0 1.5
1766479767.387620306 0 0 1.5 0 0 1.5
1766479767.387837915 0 0 1.5 0 0 1.5
1766479767.387941374 0 0 1.5 0 0 1.5
1766479767.388025871 0 0 1.5 0 0 1.5
1766479767.388110928 0 0 1.5 0 0 1.5
1766479767.391665185 0 0 1.5 0 0 1.5
1766479767.410100191 0 0 1.5 0 0 1.5
1766479767.420842724 0 0 1.5 0 0 1.5
1766479767.430803587 0 0 1.5 0 0 1.5
1766479767.439361518 0 0 1.5 0 0 1.5
1766479767.439609576 0 0 1.5 0 0 1.5
1766479767.439745802 0 0 1.5 0 0 1.5
1766479767.439993275 0 0 1.5 0 0 1.5
1766479767.441273482 0 0 1.5 0 0 1.5
1766479767.451702291 0 0 1.5 0 0 1.5
1766479767.470367008 0 0 1.5 0 0 1.5
1766479767.479734126 0 0 1.5 0 0 1.5
1766479767.490895911 0 0 1.5 0 0 1.5
1766479767.495419544 0 0 1.5 0 0 1.5
1766479767.495804514 0 0 1.5 0 0 1.5
1766479767.496110741 0 0 1.5 0 0 1.5
1766479767.496381347 0 0 1.5 0 0 1.5
1766479767.500742489 0 0 1.5 0 0 1.5
1766479767.511715026 0 0 1.5 0 0 1.5
1766479767.530274869 0 0 1.5 0 0 1.5
1766479767.540905784 0 0 1.5 0 0 1.5
1766479767.549522109 0 0 1.5 0 0 1.5
1766479767.560687212 0 0 1.5 0 0 1.5
1766479767.560970632 0 0 1.5 0 0 1.5
1766479767.561250209 0 0 1.5 0 0 1.5
1766479767.561504245 0 0 1.5 0 0 1.5
1766479767.561775768 0 0 1.5 0 0 1.5
1766479767.571851086 0 0 1.5 0 0 1.5
1766479767.572145864 0 0 1.5 0 0 1.5
1766479767.590907271 0 0 1.5 0 0 1.5
1766479767.600525583 0 0 1.5 0 0 1.5
1766479767.610451471 0 0 1.5 0 0 1.5
1766479767.614913703 0 0 1.5 0 0 1.5
1766479767.615207836 0 0 1.5 0 0 1.5
1766479767.615468891 0 0 1.5 0 0 1.5
1766479767.615913788 0 0 1.5 0 0 1.5
1766479767.621173747 0 0 1.5 0 0 1.5
1766479767.632915739 0 0 1.5 0 0 1.5
1766479767.650571330 0 0 1.5 0 0 1.5
1766479767.661561651 0 0 1.5 0 0 1.5
1766479767.671170053 0 0 1.5 0 0 1.5
1766479767.675438684 0 0 1.5 0 0 1.5
1766479767.675731404 0 0 1.5 0 0 1.5
1766479767.676083539 0 0 1.5 0 0 1.5
1766479767.676338047 0 0 1.5 0 0 1.5
1766479767.691444230 0 0 1.5 0 0 1.5
1766479767.693311655 0 0 1.5 0 0 1.5
1766479767.714069336 0 0 1.5 0 0 1.5
1766479767.720406566 0 0 1.5 0 0 1.5
1766479767.731245173 0 0 1.5 0 0 1.5
1766479767.735383398 0 0 1.5 0 0 1.5
1766479767.735663412 0 0 1.5 0 0 1.5
1766479767.735859943 0 0 1.5 0 0 1.5
1766479767.736019308 0 0 1.5 0 0 1.5
1766479767.741274654 0 0 1.5 0 0 1.5
1766479767.750555625 0 0 1.5 0 0 1.5
1766479767.771046558 0 0 1.5 0 0 1.5
1766479767.779369001 0 0 1.5 0 0 1.5
1766479767.790926396 0 0 1.5 0 0 1.5
1766479767.799273396 0 0 1.5 0 0 1.5
1766479767.799617367 0 0 1.5 0 0 1.5
1766479767.799894794 0 0 1.5 0 0 1.5
1766479767.800095045 0 0 1.5 0 0 1.5
1766479768.118607127 0 0 1.5 0 0 1.5
1766479768.134745816 0 0 1.5 0 0 1.5
1766479768.135090251 0 0 1.5 0 0 1.5
1766479768.137670248 0 0 1.5 0 0 1.5
1766479768.141574439 0 0 1.5 0 0 1.5
1766479768.141888723 0 0 1.5 0 0 1.5
1766479768.142186219 0 0 1.5 0 0 1.5
1766479768.155688746 0 0 1.5 0 0 1.5
1766479768.160035440 0 0 1.5 0 0 1.5
1766479768.163286141 0 0 1.5 0 0 1.5
1766479768.166687032 0 0 1.5 0 0 1.5
1766479768.180059821 0 0 1.5 0 0 1.5
1766479768.180582942 0 0 1.5 0 0 1.5
1766479768.183862845 0 0 1.5 0 0 1.5
1766479768.184781883 0 0 1.5 0 0 1.5
1766479768.187122344 0 0 1.5 0 0 1.5
1766479768.190519947 0 0 1.5 0 0 1.5
1766479768.191709071 0 0 1.5 0 0 1.5
1766479768.192222182 0 0 1.5 0 0 1.5
1766479768.196892817 0 0 1.5 0 0 1.5
1766479768.212429196 0 0 1.5 0 0 1.5
1766479768.212659079 0 0 1.5 0 0 1.5
1766479768.212788388 0 0 1.5 0 0 1.5
1766479768.212909976 0 0 1.5 0 0 1.5
1766479768.215711201 0 0 1.5 0 0 1.5
1766479768.216054498 0 0 1.5 0 0 1.5
1766479768.216444960 0 0 1.5 0 0 1.5
1766479768.216643884 0 0 1.5 0 0 1.5
1766479768.216965714 0 0 1.5 0 0 1.5
1766479768.217469909 0 0 1.5 0 0 1.5
1766479768.217870652 0 0 1.5 0 0 1.5
1766479768.218212781 0 0 1.5 0 0 1.5
1766479768.221566671 0 0 1.5 0 0 1.5
1766479768.221850793 0 0 1.5 0 0 1.5
1766479768.227017541 0 0 1.5 0 0 1.5
1766479768.230491526 0 0 1.5 0 0 1.5
1766479768.232482170 0 0 1.5 0 0 1.5
1766479768.236538448 0 0 1.5 0 0 1.5
1766479768.237986933 0 0 1.5 0 0 1.5
1766479768.238921370 0 0 1.5 0 0 1.5
1766479768.241064194 0 0 1.5 0 0 1.5
1766479768.244173115 0 0 1.5 0 0 1.5
1766479768.245949675 0 0 1.5 0 0 1.5
1766479768.247720504 0 0 1.5 0 0 1.5
1766479768.251877901 0 0 1.5 0 0 1.5
1766479768.253015120 0 0 1.5 0 0 1.5
1766479768.257494552 0 0 1.5 0 0 1.5
1766479768.259669576 0 0 1.5 0 0 1.5
1766479768.259979735 0 0 1.5 0 0 1.5
1766479768.261160268 0 0 1.5 0 0 1.5
1766479768.261360953 0 0 1.5 0 0 1.5
1766479768.261549103 0 0 1.5 0 0 1.5
1766479768.262440492 0 0 1.5 0 0 1.5
1766479768.262660130 0 0 1.5 0 0 1.5
1766479768.263258999 0 0 1.5 0 0 1.5
1766479768.263931459 0 0 1.5 0 0 1.5
1766479768.264076285 0 0 1.5 0 0 1.5
1766479768.267847128 0 0 1.5 0 0 1.5
1766479768.267975406 0 0 1.5 0 0 1.5
1766479768.268086343 0 0 1.5 0 0 1.5
1766479768.268219064 0 0 1.5 0 0 1.5
1766479768.269747450 0 0 1.5 0 0 1.5
1766479768.270219348 0 0 1.5 0 0 1.5
1766479768.271260440 0 0 1.5 0 0 1.5
1766479768.275902949 0 0 1.5 0 0 1.5
1766479768.277475918 0 0 1.5 0 0 1.5
1766479768.277831159 0 0 1.5 0 0 1.5
1766479768.290227261 0 0 1.5 0 0 1.5
1766479768.294135313 0 0 1.5 0 0 1.5
1766479768.300468515 0 0 1.5 0 0 1.5
1766479768.312735313 0 0 1.5 0 0 1.5
1766479768.313397266 0 0 1.5 0 0 1.5
1766479768.314154586 0 0 1.5 0 0 1.5
1766479768.314644845 0 0 1.5 0 0 1.5
1766479768.315285654 0 0 1.5 0 0 1.5
1766479768.315658010 0 0 1.5 0 0 1.5
1766479768.316422375 0 0 1.5 0 0 1.5
1766479768.316742421 0 0 1.5 0 0 1.5
1766479768.317696871 0 0 1.5 0 0 1.5
1766479768.318027306 0 0 1.5 0 0 1.5
1766479768.318612521 0 0 1.5 0 0 1.5
1766479768.322210911 0 0 1.5 0 0 1.5
1766479768.340248304 0 0 1.5 0 0 1.5
1766479768.350255620 0 0 1.5 0 0 1.5
1766479768.361896387 0 0 1.5 0 0 1.5
1766479768.372271688 0 0 1.5 0 0 1.5
1766479768.372593235 0 0 1.5 0 0 1.5
1766479768.372843729 0 0 1.5 0 0 1.5
1766479768.373125940 0 0 1.5 0 0 1.5
1766479768.373721063 0 0 1.5 0 0 1.5
1766479768.384966234 0 0 1.5 0 0 1.5
1766479768.405223121 0 0 1.5 0 0 1.5
1766479768.410157602 0 0 1.5 0 0 1.5
1766479768.420160513 0 0 1.5 0 0 1.5
1766479768.426698248 0 0 1.5 0 0 1.5
1766479768.427057844 0 0 1.5 0 0 1.5
1766479768.427304947 0 0 1.5 0 0 1.5
1766479768.427525540 0 0 1.5 0 0 1.5
1766479768.432761454 0 0 1.5 0 0 1.5
1766479768.439881227 0 0 1.5 0 0 1.5
1766479768.461759342 0 0 1.5 0 0 1.5
1766479768.470139706 0 0 1.5 0 0 1.5
1766479768.480287586 0 0 1.5 0 0 1.5
1766479768.482825872 0 0 1.5 0 0 1.5
1766479768.483441825 0 0 1.5 0 0 1.5
1766479768.483785995 0 0 1.5 0 0 1.5
1766479768.484120401 0 0 1.5 0 0 1.5
1766479768.493838098 0 0 1.5 0 0 1.5
1766479768.500313804 0 0 1.5 0 0 1.5
1766479768.520316304 0 0 1.5 0 0 1.5
1766479768.530937077 0 0 1.5 0 0 1.5
1766479768.541226630 0 0 1.5 0 0 1.5
1766479768.547565886 0 0 1.5 0 0 1.5
1766479768.547844976 0 0 1.5 0 0 1.5
1766479768.548353208 0 0 1.5 0 0 1.5
1766479768.548680154 0 0 1.5 0 0 1.5
1766479768.550591283 0 0 1.5 0 0 1.5
1766479768.561644748 0 0 1.5 0 0 1.5
1766479768.581050925 0 0 1.5 0 0 1.5
1766479768.591074354 0 0 1.5 0 0 1.5
1766479768.600692334 0 0 1.5 0 0 1.5
1766479768.602123826 0 0 1.5 0 0 1.5
1766479768.602933827 0 0 1.5 0 0 1.5
1766479768.603392824 0 0 1.5 0 0 1.5
1766479768.603767408 0 0 1.5 0 0 1.5
1766479768.611365217 0 0 1.5 0 0 1.5
1766479768.622853818 0 0 1.5 0 0 1.5
1766479768.639666605 0 0 1.5 0 0 1.5
1766479768.650419278 0 0 1.5 0 0 1.5
1766479768.660230870 0 0 1.5 0 0 1.5
1766479768.666033785 0 0 1.5 0 0 1.5
1766479768.666624143 0 0 1.5 0 0 1.5
1766479768.667177425 0 0 1.5 0 0 1.5
1766479768.668645590 0 0 1.5 0 0 1.5
1766479768.670345569 0 0 1.5 0 0 1.5
1766479768.682013883 0 0 1.5 0 0 1.5
1766479768.682594834 0 0 1.5 0 0 1.5
1766479768.699930739 0 0 1.5 0 0 1.5
1766479768.710525069 0 0 1.5 0 0 1.5
1766479768.719486785 0 0 1.5 0 0 1.5
1766479768.726104928 0 0 1.5 0 0 1.5
1766479768.726556709 0 0 1.5 0 0 1.5
1766479768.727580744 0 0 1.5 0 0 1.5
1766479768.727975394 0 0 1.5 0 0 1.5
1766479768.730993416 0 0 1.5 0 0 1.5
1766479768.742388902 0 0 1.5 0 0 1.5
1766479768.763730167 0 0 1.5 0 0 1.5
1766479768.770589517 0 0 1.5 0 0 1.5
1766479768.780066440 0 0 1.5 0 0 1.5
1766479768.786118820 0 0 1.5 0 0 1.5
1766479768.786538250 0 0 1.5 0 0 1.5
1766479768.787048079 0 0 1.5 0 0 1.5
1766479768.787484431 0 0 1.5 0 0 1.5
1766479768.792734879 0 0 1.5 0 0 1.5
1766479768.801582144 0 0 1.5 0 0 1.5
1766479768.821184005 0 0 1.5 0 0 1.5
1766479768.830778808 0 0 1.5 0 0 1.5
1766479768.840761654 0 0 1.5 0 0 1.5
1766479768.844658309 0 0 1.5 0 0 1.5
1766479768.845308209 0 0 1.5 0 0 1.5
1766479768.845686068 0 0 1.5 0 0 1.5
1766479768.845963240 0 0 1.5 0 0 1.5
1766479768.851174062 0 0 1.5 0 0 1.5
1766479768.860890296 0 0 1.5 0 0 1.5
1766479768.861414529 0 0 1.5 0 0 1.5
1766479768.881232044 0 0 1.5 0 0 1.5
1766479768.894831305 0 0 1.5 0 0 1.5
1766479768.900639424 0 0 1.5 0 0 1.5
1766479768.905946081 0 0 1.5 0 0 1.5
1766479768.906755202 0 0 1.5 0 0 1.5
1766479768.907286287 0 0 1.5 0 0 1.5
1766479768.907763370 0 0 1.5 0 0 1.5
1766479768.913070515 0 0 1.5 0 0 1.5
1766479768.923713562 0 0 1.5 0 0 1.5
1766479768.940715957 0 0 1.5 0 0 1.5
1766479768.950223790 0 0 1.5 0 0 1.5
1766479768.960117873 0 0 1.5 0 0 1.5
1766479768.966566608 0 0 1.5 0 0 1.5
1766479768.966825480 0 0 1.5 0 0 1.5
1766479768.967516024 0 0 1.5 0 0 1.5
1766479768.967885164 0 0 1.5 0 0 1.5
1766479768.971948259 0 0 1.5 0 0 1.5
1766479768.986442626 0 0 1.5 0 0 1.5
1766479769.000456785 0 0 1.5 0 0 1.5
1766479769.013218037 0 0 1.5 0 0 1.5
1766479769.022134026 0 0 1.5 0 0 1.5
1766479769.030766202 0 0 1.5 0 0 1.5
1766479769.031453977 0 0 1.5 0 0 1.5
1766479769.031703241 0 0 1.5 0 0 1.5
1766479769.031914536 0 0 1.5 0 0 1.5
1766479769.034938971 0 0 1.5 0 0 1.5
1766479769.045455687 0 0 1.5 0 0 1.5
1766479769.051434197 0 0 1.5 0 0 1.5
1766479769.060018636 0 0 1.5 0 0 1.5
1766479769.070110032 0 0 1.5 0 0 1.5
1766479769.083322300 0 0 1.5 0 0 1.5
1766479769.088760030 0 0 1.5 0 0 1.5
1766479769.089367559 0 0 1.5 0 0 1.5
1766479769.089748956 0 0 1.5 0 0 1.5
1766479769.090100713 0 0 1.5 0 0 1.5
1766479769.094359444 0 0 1.5 0 0 1.5
1766479769.100831216 0 0 1.5 0 0 1.5
1766479769.126830922 0 0 1.5 0 0 1.5
1766479769.138550054 0 0 1.5 0 0 1.5
1766479769.142066417 0 0 1.5 0 0 1.5
1766479769.142917931 0 0 1.5 0 0 1.5
1766479769.143553374 0 0 1.5 0 0 1.5
1766479769.143948149 0 0 1.5 0 0 1.5
1766479769.145256467 0 0 1.5 0 0 1.5
1766479769.158608261 0 0 1.5 0 0 1.5
1766479769.161100593 0 0 1.5 0 0 1.5
1766479769.171148824 0 0 1.5 0 0 1.5
1766479769.179498761 0 0 1.5 0 0 1.5
1766479769.189790866 0 0 1.5 0 0 1.5
1766479769.198597215 0 0 1.5 0 0 1.5
1766479769.199069033 0 0 1.5 0 0 1.5
1766479769.199408590 0 0 1.5 0 0 1.5
1766479769.199760334 0 0 1.5 0 0 1.5
1766479769.201030695 0 0 1.5 0 0 1.5
1766479769.212799375 0 0 1.5 0 0 1.5
1766479769.213407816 0 0 1.5 0 0 1.5
1766479769.231236663 0 0 1.5 0 0 1.5
1766479769.241168681 0 0 1.5 0 0 1.5
1766479769.251175337 0 0 1.5 0 0 1.5
1766479769.253970649 0 0 1.5 0 0 1.5
1766479769.254264084 0 0 1.5 0 0 1.5
1766479769.254727159 0 0 1.5 0 0 1.5
1766479769.255552706 0 0 1.5 0 0 1.5
1766479769.261442841 0 0 1.5 0 0 1.5
1766479769.271676115 0 0 1.5 0 0 1.5
1766479769.292255863 0 0 1.5 0 0 1.5
1766479769.300572838 0 0 1.5 0 0 1.5
1766479769.310958723 0 0 1.5 0 0 1.5
1766479769.314123167 0 0 1.5 0 0 1.5
1766479769.314537181 0 0 1.5 0 0 1.5
1766479769.314875772 0 0 1.5 0 0 1.5
1766479769.315200909 0 0 1.5 0 0 1.5
1766479769.320136130 0 0 1.5 0 0 1.5
1766479769.330236009 0 0 1.5 0 0 1.5
1766479769.349673907 0 0 1.5 0 0 1.5
1766479769.359601611 0 0 1.5 0 0 1.5
1766479769.373525607 0 0 1.5 0 0 1.5
1766479769.379496010 0 0 1.5 0 0 1.5
1766479769.380245291 0 0 1.5 0 0 1.5
1766479769.380923599 0 0 1.5 0 0 1.5
1766479769.381878544 0 0 1.5 0 0 1.5
1766479769.389124987 0 0 1.5 0 0 1.5
1766479769.392031139 0 0 1.5 0 0 1.5
1766479769.410675571 0 0 1.5 0 0 1.5
1766479769.420629984 0 0 1.5 0 0 1.5
1766479769.431703379 0 0 1.5 0 0 1.5
1766479769.433865623 0 0 1.5 0 0 1.5
1766479769.434738294 0 0 1.5 0 0 1.5
1766479769.435049956 0 0 1.5 0 0 1.5
1766479769.435479358 0 0 1.5 0 0 1.5
1766479769.440647175 0 0 1.5 0 0 1.5
1766479769.451449502 0 0 1.5 0 0 1.5
1766479769.471755841 0 0 1.5 0 0 1.5
1766479769.480841090 0 0 1.5 0 0 1.5
1766479769.496281210 0 0 1.5 0 0 1.5
1766479769.501916897 0 0 1.5 0 0 1.5
1766479769.503925282 0 0 1.5 0 0 1.5
1766479769.504536197 0 0 1.5 0 0 1.5
1766479769.504847277 0 0 1.5 0 0 1.5
1766479769.505413918 0 0 1.5 0 0 1.5
1766479769.505777180 0 0 1.5 0 0 1.5
1766479769.520899189 0 0 1.5 0 0 1.5
1766479769.530468577 0 0 1.5 0 0 1.5
1766479769.543033320 0 0 1.5 0 0 1.5
1766479769.546203180 0 0 1.5 0 0 1.5
1766479769.546580817 0 0 1.5 0 0 1.5
1766479769.546881289 0 0 1.5 0 0 1.5
1766479769.547168455 0 0 1.5 0 0 1.5
1766479769.550862298 0 0 1.5 0 0 1.5
1766479769.561581038 0 0 1.5 0 0 1.5
1766479769.579730306 0 0 1.5 0 0 1.5
1766479769.589870509 0 0 1.5 0 0 1.5
1766479769.600432903 0 0 1.5 0 0 1.5
1766479769.602038556 0 0 1.5 0 0 1.5
1766479769.602457765 0 0 1.5 0 0 1.5
1766479769.603124124 0 0 1.5 0 0 1.5
1766479769.603505555 0 0 1.5 0 0 1.5
1766479769.610668242 0 0 1.5 0 0 1.5
1766479769.624072961 0 0 1.5 0 0 1.5
1766479769.639525581 0 0 1.5 0 0 1.5
1766479769.650793265 0 0 1.5 0 0 1.5
1766479769.659626093 0 0 1.5 0 0 1.5
1766479769.666970027 0 0 1.5 0 0 1.5
1766479769.667492555 0 0 1.5 0 0 1.5
1766479769.667899097 0 0 1.5 0 0 1.5
1766479769.668244855 0 0 1.5 0 0 1.5
1766479769.670454762 0 0 1.5 0 0 1.5
1766479769.681596588 0 0 1.5 0 0 1.5
1766479769.699887787 0 0 1.5 0 0 1.5
1766479769.713181995 0 0 1.5 0 0 1.5
1766479769.721006525 0 0 1.5 0 0 1.5
1766479769.726613815 0 0 1.5 0 0 1.5
1766479769.726966056 0 0 1.5 0 0 1.5
1766479769.727198436 0 0 1.5 0 0 1.5
1766479769.727406911 0 0 1.5 0 0 1.5
1766479769.731122289 0 0 1.5 0 0 1.5
1766479769.740131499 0 0 1.5 0 0 1.5
1766479769.760029726 0 0 1.5 0 0 1.5
1766479769.771091855 0 0 1.5 0 0 1.5
1766479769.780335348 0 0 1.5 0 0 1.5
1766479769.785982372 0 0 1.5 0 0 1.5
1766479769.786342469 0 0 1.5 0 0 1.5
1766479769.786620364 0 0 1.5 0 0 1.5
1766479769.787564129 0 0 1.5 0 0 1.5
1766479769.798527115 0 0 1.5 0 0 1.5
1766479769.800435642 0 0 1.5 0 0 1.5
1766479769.820538397 0 0 1.5 0 0 1.5
